n01537544_3726.JPEG;1,0,0,0,0
n01537544_6292.JPEG;1,0,0,0,0
n01537544_1177.JPEG;1,0,0,0,0
n01537544_1222.JPEG;1,0,0,0,0
n01537544_2173.JPEG;1,0,0,0,0
n01537544_10033.JPEG;1,0,0,0,0
n01537544_879.JPEG;1,0,0,0,0
n01537544_774.JPEG;1,0,0,0,0
n01537544_1176.JPEG;1,0,0,0,0
n01537544_10133.JPEG;1,0,0,0,0
n01537544_9188.JPEG;1,0,0,0,0
n01537544_9213.JPEG;1,0,0,0,0
n01537544_6905.JPEG;1,0,0,0,0
n01537544_2038.JPEG;1,0,0,0,0
n01537544_3406.JPEG;1,0,0,0,0
n01537544_831.JPEG;1,0,0,0,0
n01537544_6649.JPEG;1,0,0,0,0
n01537544_21181.JPEG;1,0,0,0,0
n01537544_2668.JPEG;1,0,0,0,0
n01537544_9000.JPEG;1,0,0,0,0
n01537544_5313.JPEG;1,0,0,0,0
n01537544_1473.JPEG;1,0,0,0,0
n01537544_3956.JPEG;1,0,0,0,0
n01537544_5595.JPEG;1,0,0,0,0
n01537544_5440.JPEG;1,0,0,0,0
n01537544_9541.JPEG;1,0,0,0,0
n01537544_3920.JPEG;1,0,0,0,0
n01537544_4586.JPEG;1,0,0,0,0
n01537544_10160.JPEG;1,0,0,0,0
n01537544_3621.JPEG;1,0,0,0,0
n01537544_6968.JPEG;1,0,0,0,0
n01537544_9663.JPEG;1,0,0,0,0
n01537544_5826.JPEG;1,0,0,0,0
n01537544_6668.JPEG;1,0,0,0,0
n01537544_7665.JPEG;1,0,0,0,0
n01537544_1767.JPEG;1,0,0,0,0
n01537544_4008.JPEG;1,0,0,0,0
n01537544_7569.JPEG;1,0,0,0,0
n01537544_2973.JPEG;1,0,0,0,0
n01537544_2594.JPEG;1,0,0,0,0
n01537544_10701.JPEG;1,0,0,0,0
n01537544_2908.JPEG;1,0,0,0,0
n01537544_9206.JPEG;1,0,0,0,0
n01537544_4551.JPEG;1,0,0,0,0
n01537544_782.JPEG;1,0,0,0,0
n01537544_8427.JPEG;1,0,0,0,0
n01537544_2957.JPEG;1,0,0,0,0
n01537544_5976.JPEG;1,0,0,0,0
n01537544_2133.JPEG;1,0,0,0,0
n01537544_6697.JPEG;1,0,0,0,0
n01537544_6705.JPEG;1,0,0,0,0
n01537544_1292.JPEG;1,0,0,0,0
n01537544_3963.JPEG;1,0,0,0,0
n01537544_1118.JPEG;1,0,0,0,0
n01537544_9625.JPEG;1,0,0,0,0
n01537544_1274.JPEG;1,0,0,0,0
n01537544_10195.JPEG;1,0,0,0,0
n01537544_9184.JPEG;1,0,0,0,0
n01537544_6015.JPEG;1,0,0,0,0
n01537544_5580.JPEG;1,0,0,0,0
n01537544_2840.JPEG;1,0,0,0,0
n01537544_17014.JPEG;1,0,0,0,0
n01537544_1327.JPEG;1,0,0,0,0
n01537544_1979.JPEG;1,0,0,0,0
n01537544_21395.JPEG;1,0,0,0,0
n01537544_10633.JPEG;1,0,0,0,0
n01537544_5877.JPEG;1,0,0,0,0
n01537544_3114.JPEG;1,0,0,0,0
n01537544_9569.JPEG;1,0,0,0,0
n01537544_2464.JPEG;1,0,0,0,0
n01537544_8892.JPEG;1,0,0,0,0
n01537544_6118.JPEG;1,0,0,0,0
n01537544_2842.JPEG;1,0,0,0,0
n01537544_2711.JPEG;1,0,0,0,0
n01537544_10170.JPEG;1,0,0,0,0
n01537544_3702.JPEG;1,0,0,0,0
n01537544_8476.JPEG;1,0,0,0,0
n01537544_1823.JPEG;1,0,0,0,0
n01537544_4483.JPEG;1,0,0,0,0
n01537544_861.JPEG;1,0,0,0,0
n01537544_10308.JPEG;1,0,0,0,0
n01537544_8899.JPEG;1,0,0,0,0
n01537544_9431.JPEG;1,0,0,0,0
n01537544_4638.JPEG;1,0,0,0,0
n01537544_7022.JPEG;1,0,0,0,0
n01537544_4021.JPEG;1,0,0,0,0
n01537544_12292.JPEG;1,0,0,0,0
n01537544_8821.JPEG;1,0,0,0,0
n01537544_1372.JPEG;1,0,0,0,0
n01537544_1012.JPEG;1,0,0,0,0
n01537544_7068.JPEG;1,0,0,0,0
n01537544_15756.JPEG;1,0,0,0,0
n01537544_3720.JPEG;1,0,0,0,0
n01537544_6910.JPEG;1,0,0,0,0
n01537544_1844.JPEG;1,0,0,0,0
n01537544_10441.JPEG;1,0,0,0,0
n01537544_2234.JPEG;1,0,0,0,0
n01537544_4281.JPEG;1,0,0,0,0
n01537544_1981.JPEG;1,0,0,0,0
n01537544_13446.JPEG;1,0,0,0,0
n01537544_4556.JPEG;1,0,0,0,0
n01537544_2934.JPEG;1,0,0,0,0
n01537544_1801.JPEG;1,0,0,0,0
n01537544_9780.JPEG;1,0,0,0,0
n01537544_6573.JPEG;1,0,0,0,0
n01537544_9528.JPEG;1,0,0,0,0
n01537544_3662.JPEG;1,0,0,0,0
n01537544_4497.JPEG;1,0,0,0,0
n01537544_9801.JPEG;1,0,0,0,0
n01537544_1370.JPEG;1,0,0,0,0
n01537544_4328.JPEG;1,0,0,0,0
n01537544_4982.JPEG;1,0,0,0,0
n01537544_3425.JPEG;1,0,0,0,0
n01537544_7843.JPEG;1,0,0,0,0
n01537544_868.JPEG;1,0,0,0,0
n01537544_9234.JPEG;1,0,0,0,0
n01537544_9671.JPEG;1,0,0,0,0
n01537544_851.JPEG;1,0,0,0,0
n01537544_9964.JPEG;1,0,0,0,0
n01537544_8582.JPEG;1,0,0,0,0
n01537544_7746.JPEG;1,0,0,0,0
n01537544_6363.JPEG;1,0,0,0,0
n01537544_9464.JPEG;1,0,0,0,0
n01537544_10110.JPEG;1,0,0,0,0
n01537544_8904.JPEG;1,0,0,0,0
n01537544_14953.JPEG;1,0,0,0,0
n01537544_3534.JPEG;1,0,0,0,0
n01537544_10504.JPEG;1,0,0,0,0
n01537544_6413.JPEG;1,0,0,0,0
n01537544_4451.JPEG;1,0,0,0,0
n01537544_2914.JPEG;1,0,0,0,0
n01537544_4916.JPEG;1,0,0,0,0
n01537544_6747.JPEG;1,0,0,0,0
n01537544_2994.JPEG;1,0,0,0,0
n01537544_3947.JPEG;1,0,0,0,0
n01537544_7053.JPEG;1,0,0,0,0
n01537544_8965.JPEG;1,0,0,0,0
n01537544_8741.JPEG;1,0,0,0,0
n01537544_5082.JPEG;1,0,0,0,0
n01537544_8170.JPEG;1,0,0,0,0
n01537544_6811.JPEG;1,0,0,0,0
n01537544_7334.JPEG;1,0,0,0,0
n01537544_3827.JPEG;1,0,0,0,0
n01537544_2315.JPEG;1,0,0,0,0
n01537544_9042.JPEG;1,0,0,0,0
n01537544_2965.JPEG;1,0,0,0,0
n01537544_9830.JPEG;1,0,0,0,0
n01537544_8920.JPEG;1,0,0,0,0
n01537544_9851.JPEG;1,0,0,0,0
n01537544_1824.JPEG;1,0,0,0,0
n01537544_5896.JPEG;1,0,0,0,0
n01537544_1775.JPEG;1,0,0,0,0
n01537544_8504.JPEG;1,0,0,0,0
n01537544_8865.JPEG;1,0,0,0,0
n01537544_4728.JPEG;1,0,0,0,0
n01537544_1608.JPEG;1,0,0,0,0
n01537544_1859.JPEG;1,0,0,0,0
n01537544_2755.JPEG;1,0,0,0,0
n01537544_5430.JPEG;1,0,0,0,0
n01537544_1763.JPEG;1,0,0,0,0
n01537544_10637.JPEG;1,0,0,0,0
n01537544_8642.JPEG;1,0,0,0,0
n01537544_3718.JPEG;1,0,0,0,0
n01537544_8750.JPEG;1,0,0,0,0
n01537544_1902.JPEG;1,0,0,0,0
n01537544_2772.JPEG;1,0,0,0,0
n01537544_8281.JPEG;1,0,0,0,0
n01537544_1120.JPEG;1,0,0,0,0
n01537544_9092.JPEG;1,0,0,0,0
n01537544_3345.JPEG;1,0,0,0,0
n01537544_9198.JPEG;1,0,0,0,0
n01537544_9805.JPEG;1,0,0,0,0
n01537544_8488.JPEG;1,0,0,0,0
n01537544_2109.JPEG;1,0,0,0,0
n01537544_4703.JPEG;1,0,0,0,0
n01537544_7063.JPEG;1,0,0,0,0
n01537544_9472.JPEG;1,0,0,0,0
n01537544_9881.JPEG;1,0,0,0,0
n01537544_9540.JPEG;1,0,0,0,0
n01537544_1308.JPEG;1,0,0,0,0
n01537544_3528.JPEG;1,0,0,0,0
n01537544_5673.JPEG;1,0,0,0,0
n01537544_4494.JPEG;1,0,0,0,0
n01537544_9020.JPEG;1,0,0,0,0
n01537544_9179.JPEG;1,0,0,0,0
n01537544_5879.JPEG;1,0,0,0,0
n01537544_10696.JPEG;1,0,0,0,0
n01537544_2806.JPEG;1,0,0,0,0
n01537544_5848.JPEG;1,0,0,0,0
n01537544_3607.JPEG;1,0,0,0,0
n01537544_11905.JPEG;1,0,0,0,0
n01537544_10068.JPEG;1,0,0,0,0
n01537544_4608.JPEG;1,0,0,0,0
n01537544_15233.JPEG;1,0,0,0,0
n01537544_1488.JPEG;1,0,0,0,0
n01537544_9994.JPEG;1,0,0,0,0
n01537544_6120.JPEG;1,0,0,0,0
n01537544_6125.JPEG;1,0,0,0,0
n01537544_8726.JPEG;1,0,0,0,0
n01537544_8102.JPEG;1,0,0,0,0
n01537544_3277.JPEG;1,0,0,0,0
n01537544_10632.JPEG;1,0,0,0,0
n01537544_1522.JPEG;1,0,0,0,0
n01537544_8644.JPEG;1,0,0,0,0
n01537544_4019.JPEG;1,0,0,0,0
n01537544_3124.JPEG;1,0,0,0,0
n01537544_5992.JPEG;1,0,0,0,0
n01537544_10582.JPEG;1,0,0,0,0
n01537544_8382.JPEG;1,0,0,0,0
n01537544_7326.JPEG;1,0,0,0,0
n01537544_766.JPEG;1,0,0,0,0
n01537544_2036.JPEG;1,0,0,0,0
n01537544_6387.JPEG;1,0,0,0,0
n01537544_10733.JPEG;1,0,0,0,0
n01537544_10631.JPEG;1,0,0,0,0
n01537544_9379.JPEG;1,0,0,0,0
n01537544_6335.JPEG;1,0,0,0,0
n01537544_7594.JPEG;1,0,0,0,0
n01537544_9247.JPEG;1,0,0,0,0
n01537544_15835.JPEG;1,0,0,0,0
n01537544_9223.JPEG;1,0,0,0,0
n01537544_1175.JPEG;1,0,0,0,0
n01537544_2619.JPEG;1,0,0,0,0
n01537544_1524.JPEG;1,0,0,0,0
n01537544_1322.JPEG;1,0,0,0,0
n01537544_6960.JPEG;1,0,0,0,0
n01537544_2019.JPEG;1,0,0,0,0
n01537544_1474.JPEG;1,0,0,0,0
n01537544_9132.JPEG;1,0,0,0,0
n01537544_3109.JPEG;1,0,0,0,0
n01537544_1179.JPEG;1,0,0,0,0
n01537544_5483.JPEG;1,0,0,0,0
n01537544_1160.JPEG;1,0,0,0,0
n01537544_6241.JPEG;1,0,0,0,0
n01537544_1394.JPEG;1,0,0,0,0
n01537544_4431.JPEG;1,0,0,0,0
n01537544_9440.JPEG;1,0,0,0,0
n01537544_20122.JPEG;1,0,0,0,0
n01537544_5943.JPEG;1,0,0,0,0
n01537544_13562.JPEG;1,0,0,0,0
n01537544_8648.JPEG;1,0,0,0,0
n01537544_1342.JPEG;1,0,0,0,0
n01537544_10155.JPEG;1,0,0,0,0
n01537544_1188.JPEG;1,0,0,0,0
n01537544_6535.JPEG;1,0,0,0,0
n01537544_7094.JPEG;1,0,0,0,0
n01537544_4577.JPEG;1,0,0,0,0
n01537544_9892.JPEG;1,0,0,0,0
n01537544_6877.JPEG;1,0,0,0,0
n01537544_3364.JPEG;1,0,0,0,0
n01537544_7443.JPEG;1,0,0,0,0
n01537544_10047.JPEG;1,0,0,0,0
n01537544_8859.JPEG;1,0,0,0,0
n01537544_2814.JPEG;1,0,0,0,0
n01537544_5649.JPEG;1,0,0,0,0
n01537544_5373.JPEG;1,0,0,0,0
n01537544_5272.JPEG;1,0,0,0,0
n01537544_6189.JPEG;1,0,0,0,0
n01537544_2420.JPEG;1,0,0,0,0
n01537544_6129.JPEG;1,0,0,0,0
n01537544_4479.JPEG;1,0,0,0,0
n01537544_8118.JPEG;1,0,0,0,0
n01537544_3834.JPEG;1,0,0,0,0
n01537544_10384.JPEG;1,0,0,0,0
n01537544_4560.JPEG;1,0,0,0,0
n01537544_1733.JPEG;1,0,0,0,0
n01537544_3982.JPEG;1,0,0,0,0
n01537544_2188.JPEG;1,0,0,0,0
n01537544_6322.JPEG;1,0,0,0,0
n01537544_1025.JPEG;1,0,0,0,0
n01537544_2809.JPEG;1,0,0,0,0
n01537544_5144.JPEG;1,0,0,0,0
n01537544_2601.JPEG;1,0,0,0,0
n01537544_6394.JPEG;1,0,0,0,0
n01537544_9796.JPEG;1,0,0,0,0
n01537544_22209.JPEG;1,0,0,0,0
n01537544_6386.JPEG;1,0,0,0,0
n01537544_8352.JPEG;1,0,0,0,0
n01537544_2404.JPEG;1,0,0,0,0
n01537544_6163.JPEG;1,0,0,0,0
n01537544_1265.JPEG;1,0,0,0,0
n01537544_6718.JPEG;1,0,0,0,0
n01537544_9006.JPEG;1,0,0,0,0
n01537544_20174.JPEG;1,0,0,0,0
n01537544_8483.JPEG;1,0,0,0,0
n01537544_6369.JPEG;1,0,0,0,0
n01537544_3676.JPEG;1,0,0,0,0
n01537544_2236.JPEG;1,0,0,0,0
n01537544_9556.JPEG;1,0,0,0,0
n01537544_17799.JPEG;1,0,0,0,0
n01537544_4661.JPEG;1,0,0,0,0
n01537544_1435.JPEG;1,0,0,0,0
n01537544_6482.JPEG;1,0,0,0,0
n01537544_2360.JPEG;1,0,0,0,0
n01537544_2662.JPEG;1,0,0,0,0
n01537544_6654.JPEG;1,0,0,0,0
n01537544_10137.JPEG;1,0,0,0,0
n01537544_6249.JPEG;1,0,0,0,0
n01537544_9922.JPEG;1,0,0,0,0
n01537544_4708.JPEG;1,0,0,0,0
n01537544_5226.JPEG;1,0,0,0,0
n01537544_6949.JPEG;1,0,0,0,0
n01537544_2384.JPEG;1,0,0,0,0
n01537544_10315.JPEG;1,0,0,0,0
n01537544_1996.JPEG;1,0,0,0,0
n01537544_1478.JPEG;1,0,0,0,0
n01537544_9542.JPEG;1,0,0,0,0
n01537544_14944.JPEG;1,0,0,0,0
n01537544_1514.JPEG;1,0,0,0,0
n01537544_3185.JPEG;1,0,0,0,0
n01537544_4439.JPEG;1,0,0,0,0
n01537544_6683.JPEG;1,0,0,0,0
n01537544_6915.JPEG;1,0,0,0,0
n01537544_9249.JPEG;1,0,0,0,0
n01537544_19867.JPEG;1,0,0,0,0
n01537544_2714.JPEG;1,0,0,0,0
n01537544_5103.JPEG;1,0,0,0,0
n01537544_3339.JPEG;1,0,0,0,0
n01537544_10638.JPEG;1,0,0,0,0
n01537544_10097.JPEG;1,0,0,0,0
n01537544_3513.JPEG;1,0,0,0,0
n01537544_9745.JPEG;1,0,0,0,0
n01537544_1302.JPEG;1,0,0,0,0
n01537544_6876.JPEG;1,0,0,0,0
n01537544_2903.JPEG;1,0,0,0,0
n01537544_1750.JPEG;1,0,0,0,0
n01537544_1114.JPEG;1,0,0,0,0
n01537544_4065.JPEG;1,0,0,0,0
n01537544_7133.JPEG;1,0,0,0,0
n01537544_8880.JPEG;1,0,0,0,0
n01537544_7288.JPEG;1,0,0,0,0
n01537544_8881.JPEG;1,0,0,0,0
n01537544_10596.JPEG;1,0,0,0,0
n01537544_1055.JPEG;1,0,0,0,0
n01537544_10148.JPEG;1,0,0,0,0
n01537544_1632.JPEG;1,0,0,0,0
n01537544_6004.JPEG;1,0,0,0,0
n01537544_9949.JPEG;1,0,0,0,0
n01537544_5130.JPEG;1,0,0,0,0
n01537544_5286.JPEG;1,0,0,0,0
n01537544_10181.JPEG;1,0,0,0,0
n01537544_1127.JPEG;1,0,0,0,0
n01537544_3409.JPEG;1,0,0,0,0
n01537544_4819.JPEG;1,0,0,0,0
n01537544_1367.JPEG;1,0,0,0,0
n01537544_1126.JPEG;1,0,0,0,0
n01537544_1817.JPEG;1,0,0,0,0
n01537544_3440.JPEG;1,0,0,0,0
n01537544_3780.JPEG;1,0,0,0,0
n01537544_22235.JPEG;1,0,0,0,0
n01537544_3524.JPEG;1,0,0,0,0
n01537544_3420.JPEG;1,0,0,0,0
n01537544_8709.JPEG;1,0,0,0,0
n01537544_8472.JPEG;1,0,0,0,0
n01537544_4232.JPEG;1,0,0,0,0
n01537544_10135.JPEG;1,0,0,0,0
n01537544_1052.JPEG;1,0,0,0,0
n01537544_10529.JPEG;1,0,0,0,0
n01537544_4634.JPEG;1,0,0,0,0
n01537544_2374.JPEG;1,0,0,0,0
n01537544_9384.JPEG;1,0,0,0,0
n01537544_3952.JPEG;1,0,0,0,0
n01537544_4077.JPEG;1,0,0,0,0
n01537544_3548.JPEG;1,0,0,0,0
n01537544_9736.JPEG;1,0,0,0,0
n01537544_1007.JPEG;1,0,0,0,0
n01537544_9058.JPEG;1,0,0,0,0
n01537544_2598.JPEG;1,0,0,0,0
n01537544_4717.JPEG;1,0,0,0,0
n01537544_3189.JPEG;1,0,0,0,0
n01537544_3752.JPEG;1,0,0,0,0
n01537544_2331.JPEG;1,0,0,0,0
n01537544_1414.JPEG;1,0,0,0,0
n01537544_4904.JPEG;1,0,0,0,0
n01537544_12724.JPEG;1,0,0,0,0
n01537544_8649.JPEG;1,0,0,0,0
n01537544_8396.JPEG;1,0,0,0,0
n01537544_8418.JPEG;1,0,0,0,0
n01537544_3495.JPEG;1,0,0,0,0
n01537544_18988.JPEG;1,0,0,0,0
n01537544_8883.JPEG;1,0,0,0,0
n01537544_8872.JPEG;1,0,0,0,0
n01537544_10263.JPEG;1,0,0,0,0
n01537544_3335.JPEG;1,0,0,0,0
n01537544_6972.JPEG;1,0,0,0,0
n01537544_4682.JPEG;1,0,0,0,0
n01537544_7842.JPEG;1,0,0,0,0
n01537544_24791.JPEG;1,0,0,0,0
n01537544_3993.JPEG;1,0,0,0,0
n01537544_6680.JPEG;1,0,0,0,0
n01537544_1397.JPEG;1,0,0,0,0
n01537544_4565.JPEG;1,0,0,0,0
n01537544_4583.JPEG;1,0,0,0,0
n01537544_4258.JPEG;1,0,0,0,0
n01537544_7075.JPEG;1,0,0,0,0
n01537544_5926.JPEG;1,0,0,0,0
n01537544_3439.JPEG;1,0,0,0,0
n01537544_5923.JPEG;1,0,0,0,0
n01537544_2885.JPEG;1,0,0,0,0
n01537544_5749.JPEG;1,0,0,0,0
n01537544_1933.JPEG;1,0,0,0,0
n01537544_10350.JPEG;1,0,0,0,0
n01537544_9030.JPEG;1,0,0,0,0
n01537544_9538.JPEG;1,0,0,0,0
n01537544_4106.JPEG;1,0,0,0,0
n01537544_5999.JPEG;1,0,0,0,0
n01537544_956.JPEG;1,0,0,0,0
n01537544_6170.JPEG;1,0,0,0,0
n01537544_7515.JPEG;1,0,0,0,0
n01537544_1768.JPEG;1,0,0,0,0
n01537544_7812.JPEG;1,0,0,0,0
n01537544_2018.JPEG;1,0,0,0,0
n01537544_6945.JPEG;1,0,0,0,0
n01537544_2873.JPEG;1,0,0,0,0
n01537544_2655.JPEG;1,0,0,0,0
n01537544_10446.JPEG;1,0,0,0,0
n01537544_2765.JPEG;1,0,0,0,0
n01537544_6354.JPEG;1,0,0,0,0
n01537544_6303.JPEG;1,0,0,0,0
n01537544_8401.JPEG;1,0,0,0,0
n01537544_7317.JPEG;1,0,0,0,0
n01537544_14941.JPEG;1,0,0,0,0
n01537544_8016.JPEG;1,0,0,0,0
n01537544_8157.JPEG;1,0,0,0,0
n01537544_8842.JPEG;1,0,0,0,0
n01537544_6254.JPEG;1,0,0,0,0
n01537544_3417.JPEG;1,0,0,0,0
n01537544_2907.JPEG;1,0,0,0,0
n01537544_1886.JPEG;1,0,0,0,0
n01537544_2704.JPEG;1,0,0,0,0
n01537544_3941.JPEG;1,0,0,0,0
n01537544_6553.JPEG;1,0,0,0,0
n01537544_6320.JPEG;1,0,0,0,0
n01537544_8716.JPEG;1,0,0,0,0
n01537544_5233.JPEG;1,0,0,0,0
n01537544_9387.JPEG;1,0,0,0,0
n01537544_2851.JPEG;1,0,0,0,0
n01537544_8933.JPEG;1,0,0,0,0
n01537544_828.JPEG;1,0,0,0,0
n01537544_6933.JPEG;1,0,0,0,0
n01537544_4443.JPEG;1,0,0,0,0
n01537544_3971.JPEG;1,0,0,0,0
n01537544_5851.JPEG;1,0,0,0,0
n01537544_2796.JPEG;1,0,0,0,0
n01537544_1439.JPEG;1,0,0,0,0
n01537544_9683.JPEG;1,0,0,0,0
n01537544_2458.JPEG;1,0,0,0,0
n01537544_9506.JPEG;1,0,0,0,0
n01582220_6493.JPEG;0,0,0,0,1
n01582220_6409.JPEG;0,0,0,0,1
n01582220_5581.JPEG;0,0,0,0,1
n01582220_8400.JPEG;0,0,0,0,1
n01582220_2539.JPEG;0,0,0,0,1
n01582220_1999.JPEG;0,0,0,0,1
n01582220_2249.JPEG;0,0,0,0,1
n01582220_12736.JPEG;0,0,0,0,1
n01582220_5393.JPEG;0,0,0,0,1
n01582220_2965.JPEG;0,0,0,0,1
n01582220_5911.JPEG;0,0,0,0,1
n01582220_15541.JPEG;0,0,0,0,1
n01582220_8818.JPEG;0,0,0,0,1
n01582220_726.JPEG;0,0,0,0,1
n01582220_6206.JPEG;0,0,0,0,1
n01582220_3511.JPEG;0,0,0,0,1
n01582220_8364.JPEG;0,0,0,0,1
n01582220_797.JPEG;0,0,0,0,1
n01582220_3963.JPEG;0,0,0,0,1
n01582220_9026.JPEG;0,0,0,0,1
n01582220_5176.JPEG;0,0,0,0,1
n01582220_565.JPEG;0,0,0,0,1
n01582220_5071.JPEG;0,0,0,0,1
n01582220_2534.JPEG;0,0,0,0,1
n01582220_4868.JPEG;0,0,0,0,1
n01582220_3434.JPEG;0,0,0,0,1
n01582220_6799.JPEG;0,0,0,0,1
n01582220_7300.JPEG;0,0,0,0,1
n01582220_2850.JPEG;0,0,0,0,1
n01582220_4767.JPEG;0,0,0,0,1
n01582220_7440.JPEG;0,0,0,0,1
n01582220_2545.JPEG;0,0,0,0,1
n01582220_6503.JPEG;0,0,0,0,1
n01582220_5324.JPEG;0,0,0,0,1
n01582220_10282.JPEG;0,0,0,0,1
n01582220_3012.JPEG;0,0,0,0,1
n01582220_1140.JPEG;0,0,0,0,1
n01582220_10444.JPEG;0,0,0,0,1
n01582220_9835.JPEG;0,0,0,0,1
n01582220_1820.JPEG;0,0,0,0,1
n01582220_591.JPEG;0,0,0,0,1
n01582220_9001.JPEG;0,0,0,0,1
n01582220_4929.JPEG;0,0,0,0,1
n01582220_5417.JPEG;0,0,0,0,1
n01582220_1131.JPEG;0,0,0,0,1
n01582220_10496.JPEG;0,0,0,0,1
n01582220_4688.JPEG;0,0,0,0,1
n01582220_5919.JPEG;0,0,0,0,1
n01582220_600.JPEG;0,0,0,0,1
n01582220_756.JPEG;0,0,0,0,1
n01582220_6276.JPEG;0,0,0,0,1
n01582220_7580.JPEG;0,0,0,0,1
n01582220_9105.JPEG;0,0,0,0,1
n01582220_8533.JPEG;0,0,0,0,1
n01582220_5328.JPEG;0,0,0,0,1
n01582220_2635.JPEG;0,0,0,0,1
n01582220_2994.JPEG;0,0,0,0,1
n01582220_6179.JPEG;0,0,0,0,1
n01582220_11041.JPEG;0,0,0,0,1
n01582220_9634.JPEG;0,0,0,0,1
n01582220_9840.JPEG;0,0,0,0,1
n01582220_6354.JPEG;0,0,0,0,1
n01582220_3932.JPEG;0,0,0,0,1
n01582220_6742.JPEG;0,0,0,0,1
n01582220_38999.JPEG;0,0,0,0,1
n01582220_1721.JPEG;0,0,0,0,1
n01582220_5908.JPEG;0,0,0,0,1
n01582220_4858.JPEG;0,0,0,0,1
n01582220_6866.JPEG;0,0,0,0,1
n01582220_9611.JPEG;0,0,0,0,1
n01582220_2377.JPEG;0,0,0,0,1
n01582220_3363.JPEG;0,0,0,0,1
n01582220_7944.JPEG;0,0,0,0,1
n01582220_9392.JPEG;0,0,0,0,1
n01582220_7277.JPEG;0,0,0,0,1
n01582220_5805.JPEG;0,0,0,0,1
n01582220_4714.JPEG;0,0,0,0,1
n01582220_1571.JPEG;0,0,0,0,1
n01582220_3466.JPEG;0,0,0,0,1
n01582220_5813.JPEG;0,0,0,0,1
n01582220_8447.JPEG;0,0,0,0,1
n01582220_4420.JPEG;0,0,0,0,1
n01582220_6253.JPEG;0,0,0,0,1
n01582220_3711.JPEG;0,0,0,0,1
n01582220_8934.JPEG;0,0,0,0,1
n01582220_38044.JPEG;0,0,0,0,1
n01582220_6552.JPEG;0,0,0,0,1
n01582220_6130.JPEG;0,0,0,0,1
n01582220_3748.JPEG;0,0,0,0,1
n01582220_3050.JPEG;0,0,0,0,1
n01582220_11409.JPEG;0,0,0,0,1
n01582220_6999.JPEG;0,0,0,0,1
n01582220_9626.JPEG;0,0,0,0,1
n01582220_8379.JPEG;0,0,0,0,1
n01582220_8726.JPEG;0,0,0,0,1
n01582220_5099.JPEG;0,0,0,0,1
n01582220_8754.JPEG;0,0,0,0,1
n01582220_9636.JPEG;0,0,0,0,1
n01582220_1917.JPEG;0,0,0,0,1
n01582220_9582.JPEG;0,0,0,0,1
n01582220_10356.JPEG;0,0,0,0,1
n01582220_699.JPEG;0,0,0,0,1
n01582220_684.JPEG;0,0,0,0,1
n01582220_9997.JPEG;0,0,0,0,1
n01582220_4248.JPEG;0,0,0,0,1
n01582220_7834.JPEG;0,0,0,0,1
n01582220_6548.JPEG;0,0,0,0,1
n01582220_33067.JPEG;0,0,0,0,1
n01582220_5136.JPEG;0,0,0,0,1
n01582220_5885.JPEG;0,0,0,0,1
n01582220_545.JPEG;0,0,0,0,1
n01582220_8056.JPEG;0,0,0,0,1
n01582220_8497.JPEG;0,0,0,0,1
n01582220_6331.JPEG;0,0,0,0,1
n01582220_20687.JPEG;0,0,0,0,1
n01582220_10595.JPEG;0,0,0,0,1
n01582220_10832.JPEG;0,0,0,0,1
n01582220_5626.JPEG;0,0,0,0,1
n01582220_4127.JPEG;0,0,0,0,1
n01582220_1575.JPEG;0,0,0,0,1
n01582220_10309.JPEG;0,0,0,0,1
n01582220_8886.JPEG;0,0,0,0,1
n01582220_1132.JPEG;0,0,0,0,1
n01582220_6523.JPEG;0,0,0,0,1
n01582220_1567.JPEG;0,0,0,0,1
n01582220_6965.JPEG;0,0,0,0,1
n01582220_6827.JPEG;0,0,0,0,1
n01582220_10235.JPEG;0,0,0,0,1
n01582220_4779.JPEG;0,0,0,0,1
n01582220_8475.JPEG;0,0,0,0,1
n01582220_6578.JPEG;0,0,0,0,1
n01582220_6142.JPEG;0,0,0,0,1
n01582220_2756.JPEG;0,0,0,0,1
n01582220_11479.JPEG;0,0,0,0,1
n01582220_1827.JPEG;0,0,0,0,1
n01582220_1737.JPEG;0,0,0,0,1
n01582220_10776.JPEG;0,0,0,0,1
n01582220_4038.JPEG;0,0,0,0,1
n01582220_10039.JPEG;0,0,0,0,1
n01582220_1953.JPEG;0,0,0,0,1
n01582220_8467.JPEG;0,0,0,0,1
n01582220_8452.JPEG;0,0,0,0,1
n01582220_8027.JPEG;0,0,0,0,1
n01582220_9259.JPEG;0,0,0,0,1
n01582220_8200.JPEG;0,0,0,0,1
n01582220_6394.JPEG;0,0,0,0,1
n01582220_23251.JPEG;0,0,0,0,1
n01582220_4149.JPEG;0,0,0,0,1
n01582220_5629.JPEG;0,0,0,0,1
n01582220_4875.JPEG;0,0,0,0,1
n01582220_5229.JPEG;0,0,0,0,1
n01582220_11073.JPEG;0,0,0,0,1
n01582220_3688.JPEG;0,0,0,0,1
n01582220_9435.JPEG;0,0,0,0,1
n01582220_2248.JPEG;0,0,0,0,1
n01582220_12523.JPEG;0,0,0,0,1
n01582220_1798.JPEG;0,0,0,0,1
n01582220_1580.JPEG;0,0,0,0,1
n01582220_9027.JPEG;0,0,0,0,1
n01582220_4181.JPEG;0,0,0,0,1
n01582220_11071.JPEG;0,0,0,0,1
n01582220_1005.JPEG;0,0,0,0,1
n01582220_3063.JPEG;0,0,0,0,1
n01582220_2451.JPEG;0,0,0,0,1
n01582220_833.JPEG;0,0,0,0,1
n01582220_845.JPEG;0,0,0,0,1
n01582220_693.JPEG;0,0,0,0,1
n01582220_4009.JPEG;0,0,0,0,1
n01582220_9250.JPEG;0,0,0,0,1
n01582220_8249.JPEG;0,0,0,0,1
n01582220_5022.JPEG;0,0,0,0,1
n01582220_8464.JPEG;0,0,0,0,1
n01582220_4884.JPEG;0,0,0,0,1
n01582220_7220.JPEG;0,0,0,0,1
n01582220_3358.JPEG;0,0,0,0,1
n01582220_4316.JPEG;0,0,0,0,1
n01582220_760.JPEG;0,0,0,0,1
n01582220_4803.JPEG;0,0,0,0,1
n01582220_10254.JPEG;0,0,0,0,1
n01582220_3937.JPEG;0,0,0,0,1
n01582220_2254.JPEG;0,0,0,0,1
n01582220_10493.JPEG;0,0,0,0,1
n01582220_4551.JPEG;0,0,0,0,1
n01582220_9875.JPEG;0,0,0,0,1
n01582220_7686.JPEG;0,0,0,0,1
n01582220_1475.JPEG;0,0,0,0,1
n01582220_3380.JPEG;0,0,0,0,1
n01582220_4985.JPEG;0,0,0,0,1
n01582220_1395.JPEG;0,0,0,0,1
n01582220_1369.JPEG;0,0,0,0,1
n01582220_6240.JPEG;0,0,0,0,1
n01582220_2987.JPEG;0,0,0,0,1
n01582220_933.JPEG;0,0,0,0,1
n01582220_4085.JPEG;0,0,0,0,1
n01582220_6470.JPEG;0,0,0,0,1
n01582220_6131.JPEG;0,0,0,0,1
n01582220_2759.JPEG;0,0,0,0,1
n01582220_11326.JPEG;0,0,0,0,1
n01582220_7110.JPEG;0,0,0,0,1
n01582220_9944.JPEG;0,0,0,0,1
n01582220_5103.JPEG;0,0,0,0,1
n01582220_691.JPEG;0,0,0,0,1
n01582220_8034.JPEG;0,0,0,0,1
n01582220_4738.JPEG;0,0,0,0,1
n01582220_6028.JPEG;0,0,0,0,1
n01582220_4182.JPEG;0,0,0,0,1
n01582220_6436.JPEG;0,0,0,0,1
n01582220_2928.JPEG;0,0,0,0,1
n01582220_3591.JPEG;0,0,0,0,1
n01582220_5968.JPEG;0,0,0,0,1
n01582220_4262.JPEG;0,0,0,0,1
n01582220_5080.JPEG;0,0,0,0,1
n01582220_11378.JPEG;0,0,0,0,1
n01582220_2112.JPEG;0,0,0,0,1
n01582220_8051.JPEG;0,0,0,0,1
n01582220_29424.JPEG;0,0,0,0,1
n01582220_8445.JPEG;0,0,0,0,1
n01582220_5685.JPEG;0,0,0,0,1
n01582220_6888.JPEG;0,0,0,0,1
n01582220_5803.JPEG;0,0,0,0,1
n01582220_6565.JPEG;0,0,0,0,1
n01582220_6411.JPEG;0,0,0,0,1
n01582220_10794.JPEG;0,0,0,0,1
n01582220_5482.JPEG;0,0,0,0,1
n01582220_11005.JPEG;0,0,0,0,1
n01582220_2384.JPEG;0,0,0,0,1
n01582220_4995.JPEG;0,0,0,0,1
n01582220_10543.JPEG;0,0,0,0,1
n01582220_3540.JPEG;0,0,0,0,1
n01582220_9216.JPEG;0,0,0,0,1
n01582220_3620.JPEG;0,0,0,0,1
n01582220_6159.JPEG;0,0,0,0,1
n01582220_4053.JPEG;0,0,0,0,1
n01582220_3824.JPEG;0,0,0,0,1
n01582220_8682.JPEG;0,0,0,0,1
n01582220_7404.JPEG;0,0,0,0,1
n01582220_695.JPEG;0,0,0,0,1
n01582220_5618.JPEG;0,0,0,0,1
n01582220_9920.JPEG;0,0,0,0,1
n01582220_5712.JPEG;0,0,0,0,1
n01582220_8590.JPEG;0,0,0,0,1
n01582220_6473.JPEG;0,0,0,0,1
n01582220_5239.JPEG;0,0,0,0,1
n01582220_551.JPEG;0,0,0,0,1
n01582220_613.JPEG;0,0,0,0,1
n01582220_10733.JPEG;0,0,0,0,1
n01582220_5465.JPEG;0,0,0,0,1
n01582220_9801.JPEG;0,0,0,0,1
n01582220_1199.JPEG;0,0,0,0,1
n01582220_5562.JPEG;0,0,0,0,1
n01582220_2239.JPEG;0,0,0,0,1
n01582220_4962.JPEG;0,0,0,0,1
n01582220_9674.JPEG;0,0,0,0,1
n01582220_2424.JPEG;0,0,0,0,1
n01582220_6911.JPEG;0,0,0,0,1
n01582220_2964.JPEG;0,0,0,0,1
n01582220_2854.JPEG;0,0,0,0,1
n01582220_7115.JPEG;0,0,0,0,1
n01582220_4867.JPEG;0,0,0,0,1
n01582220_776.JPEG;0,0,0,0,1
n01582220_9619.JPEG;0,0,0,0,1
n01582220_10619.JPEG;0,0,0,0,1
n01582220_6044.JPEG;0,0,0,0,1
n01582220_10238.JPEG;0,0,0,0,1
n01582220_1748.JPEG;0,0,0,0,1
n01582220_4804.JPEG;0,0,0,0,1
n01582220_9942.JPEG;0,0,0,0,1
n01582220_6459.JPEG;0,0,0,0,1
n01582220_2200.JPEG;0,0,0,0,1
n01582220_3011.JPEG;0,0,0,0,1
n01582220_8537.JPEG;0,0,0,0,1
n01582220_4303.JPEG;0,0,0,0,1
n01582220_5746.JPEG;0,0,0,0,1
n01582220_5365.JPEG;0,0,0,0,1
n01582220_6801.JPEG;0,0,0,0,1
n01582220_8952.JPEG;0,0,0,0,1
n01582220_8961.JPEG;0,0,0,0,1
n01582220_7450.JPEG;0,0,0,0,1
n01582220_590.JPEG;0,0,0,0,1
n01582220_2769.JPEG;0,0,0,0,1
n01582220_2356.JPEG;0,0,0,0,1
n01582220_4989.JPEG;0,0,0,0,1
n01582220_7299.JPEG;0,0,0,0,1
n01582220_1814.JPEG;0,0,0,0,1
n01582220_5491.JPEG;0,0,0,0,1
n01582220_9649.JPEG;0,0,0,0,1
n01582220_5623.JPEG;0,0,0,0,1
n01582220_9385.JPEG;0,0,0,0,1
n01582220_9708.JPEG;0,0,0,0,1
n01582220_2720.JPEG;0,0,0,0,1
n01582220_1502.JPEG;0,0,0,0,1
n01582220_4186.JPEG;0,0,0,0,1
n01582220_33583.JPEG;0,0,0,0,1
n01582220_1985.JPEG;0,0,0,0,1
n01582220_1742.JPEG;0,0,0,0,1
n01582220_1557.JPEG;0,0,0,0,1
n01582220_5766.JPEG;0,0,0,0,1
n01582220_4573.JPEG;0,0,0,0,1
n01582220_8699.JPEG;0,0,0,0,1
n01582220_30128.JPEG;0,0,0,0,1
n01582220_4126.JPEG;0,0,0,0,1
n01582220_1983.JPEG;0,0,0,0,1
n01582220_3885.JPEG;0,0,0,0,1
n01582220_8781.JPEG;0,0,0,0,1
n01582220_6916.JPEG;0,0,0,0,1
n01582220_6301.JPEG;0,0,0,0,1
n01582220_9197.JPEG;0,0,0,0,1
n01582220_6335.JPEG;0,0,0,0,1
n01582220_1556.JPEG;0,0,0,0,1
n01582220_7197.JPEG;0,0,0,0,1
n01582220_5289.JPEG;0,0,0,0,1
n01582220_8843.JPEG;0,0,0,0,1
n01582220_8827.JPEG;0,0,0,0,1
n01582220_2739.JPEG;0,0,0,0,1
n01582220_8908.JPEG;0,0,0,0,1
n01582220_8800.JPEG;0,0,0,0,1
n01582220_5852.JPEG;0,0,0,0,1
n01582220_972.JPEG;0,0,0,0,1
n01582220_9586.JPEG;0,0,0,0,1
n01582220_11588.JPEG;0,0,0,0,1
n01582220_10305.JPEG;0,0,0,0,1
n01582220_6746.JPEG;0,0,0,0,1
n01582220_10087.JPEG;0,0,0,0,1
n01582220_2732.JPEG;0,0,0,0,1
n01582220_6300.JPEG;0,0,0,0,1
n01582220_8675.JPEG;0,0,0,0,1
n01582220_2564.JPEG;0,0,0,0,1
n01582220_6783.JPEG;0,0,0,0,1
n01582220_10187.JPEG;0,0,0,0,1
n01582220_6029.JPEG;0,0,0,0,1
n01582220_4014.JPEG;0,0,0,0,1
n01582220_9196.JPEG;0,0,0,0,1
n01582220_10560.JPEG;0,0,0,0,1
n01582220_3728.JPEG;0,0,0,0,1
n01582220_5514.JPEG;0,0,0,0,1
n01582220_5158.JPEG;0,0,0,0,1
n01582220_2802.JPEG;0,0,0,0,1
n01582220_8612.JPEG;0,0,0,0,1
n01582220_2879.JPEG;0,0,0,0,1
n01582220_5884.JPEG;0,0,0,0,1
n01582220_6869.JPEG;0,0,0,0,1
n01582220_6463.JPEG;0,0,0,0,1
n01582220_4091.JPEG;0,0,0,0,1
n01582220_5087.JPEG;0,0,0,0,1
n01582220_534.JPEG;0,0,0,0,1
n01582220_9421.JPEG;0,0,0,0,1
n01582220_2494.JPEG;0,0,0,0,1
n01582220_8075.JPEG;0,0,0,0,1
n01582220_3024.JPEG;0,0,0,0,1
n01582220_703.JPEG;0,0,0,0,1
n01582220_10072.JPEG;0,0,0,0,1
n01582220_10620.JPEG;0,0,0,0,1
n01582220_1296.JPEG;0,0,0,0,1
n01582220_6601.JPEG;0,0,0,0,1
n01582220_3837.JPEG;0,0,0,0,1
n01582220_5409.JPEG;0,0,0,0,1
n01582220_18043.JPEG;0,0,0,0,1
n01582220_4826.JPEG;0,0,0,0,1
n01582220_5330.JPEG;0,0,0,0,1
n01582220_5993.JPEG;0,0,0,0,1
n01582220_5256.JPEG;0,0,0,0,1
n01582220_4801.JPEG;0,0,0,0,1
n01582220_6162.JPEG;0,0,0,0,1
n01582220_4283.JPEG;0,0,0,0,1
n01582220_572.JPEG;0,0,0,0,1
n01582220_10215.JPEG;0,0,0,0,1
n01582220_2116.JPEG;0,0,0,0,1
n01582220_5561.JPEG;0,0,0,0,1
n01582220_3146.JPEG;0,0,0,0,1
n01582220_8888.JPEG;0,0,0,0,1
n01582220_4796.JPEG;0,0,0,0,1
n01582220_7133.JPEG;0,0,0,0,1
n01582220_5255.JPEG;0,0,0,0,1
n01582220_7336.JPEG;0,0,0,0,1
n01582220_9393.JPEG;0,0,0,0,1
n01582220_4443.JPEG;0,0,0,0,1
n01582220_7360.JPEG;0,0,0,0,1
n01582220_3572.JPEG;0,0,0,0,1
n01582220_2647.JPEG;0,0,0,0,1
n01582220_905.JPEG;0,0,0,0,1
n01582220_6941.JPEG;0,0,0,0,1
n01582220_10231.JPEG;0,0,0,0,1
n01582220_5364.JPEG;0,0,0,0,1
n01582220_6692.JPEG;0,0,0,0,1
n01582220_9707.JPEG;0,0,0,0,1
n01582220_10843.JPEG;0,0,0,0,1
n01582220_3634.JPEG;0,0,0,0,1
n01582220_5030.JPEG;0,0,0,0,1
n01582220_5921.JPEG;0,0,0,0,1
n01582220_5821.JPEG;0,0,0,0,1
n01582220_3170.JPEG;0,0,0,0,1
n01582220_6126.JPEG;0,0,0,0,1
n01582220_1689.JPEG;0,0,0,0,1
n01582220_4451.JPEG;0,0,0,0,1
n01582220_1318.JPEG;0,0,0,0,1
n01582220_6453.JPEG;0,0,0,0,1
n01582220_25743.JPEG;0,0,0,0,1
n01582220_10016.JPEG;0,0,0,0,1
n01582220_6599.JPEG;0,0,0,0,1
n01582220_8435.JPEG;0,0,0,0,1
n01582220_5272.JPEG;0,0,0,0,1
n01582220_6235.JPEG;0,0,0,0,1
n01582220_6793.JPEG;0,0,0,0,1
n01582220_5819.JPEG;0,0,0,0,1
n01582220_8609.JPEG;0,0,0,0,1
n01582220_2400.JPEG;0,0,0,0,1
n01582220_4895.JPEG;0,0,0,0,1
n01582220_4577.JPEG;0,0,0,0,1
n01582220_6774.JPEG;0,0,0,0,1
n01582220_6269.JPEG;0,0,0,0,1
n01582220_525.JPEG;0,0,0,0,1
n01582220_5046.JPEG;0,0,0,0,1
n01582220_2311.JPEG;0,0,0,0,1
n01582220_1882.JPEG;0,0,0,0,1
n01582220_10539.JPEG;0,0,0,0,1
n01582220_5000.JPEG;0,0,0,0,1
n01582220_4613.JPEG;0,0,0,0,1
n01582220_9502.JPEG;0,0,0,0,1
n01582220_6217.JPEG;0,0,0,0,1
n01582220_2833.JPEG;0,0,0,0,1
n01582220_9735.JPEG;0,0,0,0,1
n01582220_9258.JPEG;0,0,0,0,1
n01582220_3156.JPEG;0,0,0,0,1
n01582220_4515.JPEG;0,0,0,0,1
n01582220_2905.JPEG;0,0,0,0,1
n01582220_5317.JPEG;0,0,0,0,1
n01582220_34312.JPEG;0,0,0,0,1
n01582220_8132.JPEG;0,0,0,0,1
n01582220_5384.JPEG;0,0,0,0,1
n01582220_5276.JPEG;0,0,0,0,1
n01582220_8873.JPEG;0,0,0,0,1
n01582220_4210.JPEG;0,0,0,0,1
n01582220_4924.JPEG;0,0,0,0,1
n01582220_5452.JPEG;0,0,0,0,1
n01582220_997.JPEG;0,0,0,0,1
n01582220_5266.JPEG;0,0,0,0,1
n01582220_27533.JPEG;0,0,0,0,1
n01582220_5870.JPEG;0,0,0,0,1
n01582220_4908.JPEG;0,0,0,0,1
n01582220_9921.JPEG;0,0,0,0,1
n01582220_801.JPEG;0,0,0,0,1
n01582220_3372.JPEG;0,0,0,0,1
n01582220_4885.JPEG;0,0,0,0,1
n01582220_9743.JPEG;0,0,0,0,1
n01582220_10686.JPEG;0,0,0,0,1
n01582220_8674.JPEG;0,0,0,0,1
n01582220_992.JPEG;0,0,0,0,1
n01582220_3492.JPEG;0,0,0,0,1
n01582220_4555.JPEG;0,0,0,0,1
n01582220_9087.JPEG;0,0,0,0,1
n01582220_4147.JPEG;0,0,0,0,1
n01582220_9174.JPEG;0,0,0,0,1
n01582220_10241.JPEG;0,0,0,0,1
n01582220_3205.JPEG;0,0,0,0,1
n01582220_3647.JPEG;0,0,0,0,1
n01582220_6652.JPEG;0,0,0,0,1
n01582220_11113.JPEG;0,0,0,0,1
n01582220_9018.JPEG;0,0,0,0,1
n01582220_4692.JPEG;0,0,0,0,1
n01582220_4348.JPEG;0,0,0,0,1
n01582220_10182.JPEG;0,0,0,0,1
n01582220_4839.JPEG;0,0,0,0,1
n01582220_7067.JPEG;0,0,0,0,1
n01582220_5793.JPEG;0,0,0,0,1
n01582220_5765.JPEG;0,0,0,0,1
n01582220_3383.JPEG;0,0,0,0,1
n01582220_793.JPEG;0,0,0,0,1
n01582220_2341.JPEG;0,0,0,0,1
n01582220_8739.JPEG;0,0,0,0,1
n01582220_6053.JPEG;0,0,0,0,1
n01582220_5351.JPEG;0,0,0,0,1
n01582220_3049.JPEG;0,0,0,0,1
n01582220_4281.JPEG;0,0,0,0,1
n01582220_5459.JPEG;0,0,0,0,1
n01582220_2537.JPEG;0,0,0,0,1
n01582220_10028.JPEG;0,0,0,0,1
n01582220_4976.JPEG;0,0,0,0,1
n01582220_5311.JPEG;0,0,0,0,1
n01582220_28659.JPEG;0,0,0,0,1
n01582220_10897.JPEG;0,0,0,0,1
n01582220_2091.JPEG;0,0,0,0,1
n01582220_5236.JPEG;0,0,0,0,1
n01582220_6377.JPEG;0,0,0,0,1
n01582220_2520.JPEG;0,0,0,0,1
n01582220_4246.JPEG;0,0,0,0,1
n01582220_7325.JPEG;0,0,0,0,1
n01582220_5756.JPEG;0,0,0,0,1
n01582220_2206.JPEG;0,0,0,0,1
n01582220_6811.JPEG;0,0,0,0,1
n01582220_5062.JPEG;0,0,0,0,1
n01582220_3925.JPEG;0,0,0,0,1
n01582220_26191.JPEG;0,0,0,0,1
n01582220_9219.JPEG;0,0,0,0,1
n01582220_11049.JPEG;0,0,0,0,1
n01582220_4155.JPEG;0,0,0,0,1
n01580077_12584.JPEG;0,0,0,1,0
n01580077_5774.JPEG;0,0,0,1,0
n01580077_7614.JPEG;0,0,0,1,0
n01580077_3635.JPEG;0,0,0,1,0
n01580077_31337.JPEG;0,0,0,1,0
n01580077_10963.JPEG;0,0,0,1,0
n01580077_9805.JPEG;0,0,0,1,0
n01580077_23494.JPEG;0,0,0,1,0
n01580077_2722.JPEG;0,0,0,1,0
n01580077_2674.JPEG;0,0,0,1,0
n01580077_10961.JPEG;0,0,0,1,0
n01580077_4143.JPEG;0,0,0,1,0
n01580077_8543.JPEG;0,0,0,1,0
n01580077_9677.JPEG;0,0,0,1,0
n01580077_2078.JPEG;0,0,0,1,0
n01580077_10662.JPEG;0,0,0,1,0
n01580077_9249.JPEG;0,0,0,1,0
n01580077_6368.JPEG;0,0,0,1,0
n01580077_3198.JPEG;0,0,0,1,0
n01580077_7096.JPEG;0,0,0,1,0
n01580077_1638.JPEG;0,0,0,1,0
n01580077_5908.JPEG;0,0,0,1,0
n01580077_2849.JPEG;0,0,0,1,0
n01580077_4260.JPEG;0,0,0,1,0
n01580077_2185.JPEG;0,0,0,1,0
n01580077_13065.JPEG;0,0,0,1,0
n01580077_6254.JPEG;0,0,0,1,0
n01580077_12864.JPEG;0,0,0,1,0
n01580077_11734.JPEG;0,0,0,1,0
n01580077_12042.JPEG;0,0,0,1,0
n01580077_5778.JPEG;0,0,0,1,0
n01580077_1092.JPEG;0,0,0,1,0
n01580077_12150.JPEG;0,0,0,1,0
n01580077_14735.JPEG;0,0,0,1,0
n01580077_6351.JPEG;0,0,0,1,0
n01580077_3544.JPEG;0,0,0,1,0
n01580077_3646.JPEG;0,0,0,1,0
n01580077_11079.JPEG;0,0,0,1,0
n01580077_1629.JPEG;0,0,0,1,0
n01580077_3498.JPEG;0,0,0,1,0
n01580077_5415.JPEG;0,0,0,1,0
n01580077_3822.JPEG;0,0,0,1,0
n01580077_6793.JPEG;0,0,0,1,0
n01580077_5826.JPEG;0,0,0,1,0
n01580077_9179.JPEG;0,0,0,1,0
n01580077_2393.JPEG;0,0,0,1,0
n01580077_7905.JPEG;0,0,0,1,0
n01580077_3094.JPEG;0,0,0,1,0
n01580077_5958.JPEG;0,0,0,1,0
n01580077_1312.JPEG;0,0,0,1,0
n01580077_3908.JPEG;0,0,0,1,0
n01580077_8655.JPEG;0,0,0,1,0
n01580077_1507.JPEG;0,0,0,1,0
n01580077_3992.JPEG;0,0,0,1,0
n01580077_5134.JPEG;0,0,0,1,0
n01580077_6348.JPEG;0,0,0,1,0
n01580077_1185.JPEG;0,0,0,1,0
n01580077_9974.JPEG;0,0,0,1,0
n01580077_9687.JPEG;0,0,0,1,0
n01580077_4383.JPEG;0,0,0,1,0
n01580077_10533.JPEG;0,0,0,1,0
n01580077_7911.JPEG;0,0,0,1,0
n01580077_1838.JPEG;0,0,0,1,0
n01580077_1276.JPEG;0,0,0,1,0
n01580077_5422.JPEG;0,0,0,1,0
n01580077_13712.JPEG;0,0,0,1,0
n01580077_8312.JPEG;0,0,0,1,0
n01580077_1863.JPEG;0,0,0,1,0
n01580077_1895.JPEG;0,0,0,1,0
n01580077_2013.JPEG;0,0,0,1,0
n01580077_2542.JPEG;0,0,0,1,0
n01580077_3039.JPEG;0,0,0,1,0
n01580077_5194.JPEG;0,0,0,1,0
n01580077_3435.JPEG;0,0,0,1,0
n01580077_4979.JPEG;0,0,0,1,0
n01580077_11776.JPEG;0,0,0,1,0
n01580077_1832.JPEG;0,0,0,1,0
n01580077_8980.JPEG;0,0,0,1,0
n01580077_6966.JPEG;0,0,0,1,0
n01580077_1555.JPEG;0,0,0,1,0
n01580077_10233.JPEG;0,0,0,1,0
n01580077_8646.JPEG;0,0,0,1,0
n01580077_6838.JPEG;0,0,0,1,0
n01580077_13226.JPEG;0,0,0,1,0
n01580077_12868.JPEG;0,0,0,1,0
n01580077_7809.JPEG;0,0,0,1,0
n01580077_2811.JPEG;0,0,0,1,0
n01580077_2878.JPEG;0,0,0,1,0
n01580077_3462.JPEG;0,0,0,1,0
n01580077_9114.JPEG;0,0,0,1,0
n01580077_5257.JPEG;0,0,0,1,0
n01580077_5498.JPEG;0,0,0,1,0
n01580077_10962.JPEG;0,0,0,1,0
n01580077_5633.JPEG;0,0,0,1,0
n01580077_2108.JPEG;0,0,0,1,0
n01580077_3574.JPEG;0,0,0,1,0
n01580077_2718.JPEG;0,0,0,1,0
n01580077_11148.JPEG;0,0,0,1,0
n01580077_1399.JPEG;0,0,0,1,0
n01580077_1100.JPEG;0,0,0,1,0
n01580077_3389.JPEG;0,0,0,1,0
n01580077_3664.JPEG;0,0,0,1,0
n01580077_3517.JPEG;0,0,0,1,0
n01580077_3054.JPEG;0,0,0,1,0
n01580077_4092.JPEG;0,0,0,1,0
n01580077_6805.JPEG;0,0,0,1,0
n01580077_2924.JPEG;0,0,0,1,0
n01580077_8526.JPEG;0,0,0,1,0
n01580077_1620.JPEG;0,0,0,1,0
n01580077_10861.JPEG;0,0,0,1,0
n01580077_8880.JPEG;0,0,0,1,0
n01580077_6108.JPEG;0,0,0,1,0
n01580077_4615.JPEG;0,0,0,1,0
n01580077_1772.JPEG;0,0,0,1,0
n01580077_7980.JPEG;0,0,0,1,0
n01580077_8063.JPEG;0,0,0,1,0
n01580077_7373.JPEG;0,0,0,1,0
n01580077_2898.JPEG;0,0,0,1,0
n01580077_2784.JPEG;0,0,0,1,0
n01580077_3960.JPEG;0,0,0,1,0
n01580077_11755.JPEG;0,0,0,1,0
n01580077_5596.JPEG;0,0,0,1,0
n01580077_5401.JPEG;0,0,0,1,0
n01580077_10549.JPEG;0,0,0,1,0
n01580077_7127.JPEG;0,0,0,1,0
n01580077_3703.JPEG;0,0,0,1,0
n01580077_1505.JPEG;0,0,0,1,0
n01580077_12088.JPEG;0,0,0,1,0
n01580077_2740.JPEG;0,0,0,1,0
n01580077_7161.JPEG;0,0,0,1,0
n01580077_2136.JPEG;0,0,0,1,0
n01580077_2415.JPEG;0,0,0,1,0
n01580077_8708.JPEG;0,0,0,1,0
n01580077_22700.JPEG;0,0,0,1,0
n01580077_2450.JPEG;0,0,0,1,0
n01580077_9939.JPEG;0,0,0,1,0
n01580077_2075.JPEG;0,0,0,1,0
n01580077_1304.JPEG;0,0,0,1,0
n01580077_3896.JPEG;0,0,0,1,0
n01580077_11814.JPEG;0,0,0,1,0
n01580077_12611.JPEG;0,0,0,1,0
n01580077_1920.JPEG;0,0,0,1,0
n01580077_7908.JPEG;0,0,0,1,0
n01580077_6131.JPEG;0,0,0,1,0
n01580077_30663.JPEG;0,0,0,1,0
n01580077_5686.JPEG;0,0,0,1,0
n01580077_6328.JPEG;0,0,0,1,0
n01580077_3004.JPEG;0,0,0,1,0
n01580077_10522.JPEG;0,0,0,1,0
n01580077_12273.JPEG;0,0,0,1,0
n01580077_12010.JPEG;0,0,0,1,0
n01580077_1236.JPEG;0,0,0,1,0
n01580077_13765.JPEG;0,0,0,1,0
n01580077_1199.JPEG;0,0,0,1,0
n01580077_16259.JPEG;0,0,0,1,0
n01580077_13414.JPEG;0,0,0,1,0
n01580077_11636.JPEG;0,0,0,1,0
n01580077_4194.JPEG;0,0,0,1,0
n01580077_5595.JPEG;0,0,0,1,0
n01580077_2387.JPEG;0,0,0,1,0
n01580077_2438.JPEG;0,0,0,1,0
n01580077_1319.JPEG;0,0,0,1,0
n01580077_2323.JPEG;0,0,0,1,0
n01580077_11685.JPEG;0,0,0,1,0
n01580077_3610.JPEG;0,0,0,1,0
n01580077_2260.JPEG;0,0,0,1,0
n01580077_12436.JPEG;0,0,0,1,0
n01580077_4008.JPEG;0,0,0,1,0
n01580077_3169.JPEG;0,0,0,1,0
n01580077_5918.JPEG;0,0,0,1,0
n01580077_5813.JPEG;0,0,0,1,0
n01580077_2502.JPEG;0,0,0,1,0
n01580077_8021.JPEG;0,0,0,1,0
n01580077_2106.JPEG;0,0,0,1,0
n01580077_3523.JPEG;0,0,0,1,0
n01580077_11206.JPEG;0,0,0,1,0
n01580077_9726.JPEG;0,0,0,1,0
n01580077_9431.JPEG;0,0,0,1,0
n01580077_11984.JPEG;0,0,0,1,0
n01580077_21638.JPEG;0,0,0,1,0
n01580077_5905.JPEG;0,0,0,1,0
n01580077_6102.JPEG;0,0,0,1,0
n01580077_994.JPEG;0,0,0,1,0
n01580077_1107.JPEG;0,0,0,1,0
n01580077_9028.JPEG;0,0,0,1,0
n01580077_1926.JPEG;0,0,0,1,0
n01580077_2305.JPEG;0,0,0,1,0
n01580077_3077.JPEG;0,0,0,1,0
n01580077_1156.JPEG;0,0,0,1,0
n01580077_2277.JPEG;0,0,0,1,0
n01580077_3255.JPEG;0,0,0,1,0
n01580077_8734.JPEG;0,0,0,1,0
n01580077_3726.JPEG;0,0,0,1,0
n01580077_15532.JPEG;0,0,0,1,0
n01580077_1305.JPEG;0,0,0,1,0
n01580077_3128.JPEG;0,0,0,1,0
n01580077_5254.JPEG;0,0,0,1,0
n01580077_3349.JPEG;0,0,0,1,0
n01580077_3185.JPEG;0,0,0,1,0
n01580077_2178.JPEG;0,0,0,1,0
n01580077_1084.JPEG;0,0,0,1,0
n01580077_4873.JPEG;0,0,0,1,0
n01580077_1155.JPEG;0,0,0,1,0
n01580077_1887.JPEG;0,0,0,1,0
n01580077_1545.JPEG;0,0,0,1,0
n01580077_2042.JPEG;0,0,0,1,0
n01580077_4586.JPEG;0,0,0,1,0
n01580077_6106.JPEG;0,0,0,1,0
n01580077_7910.JPEG;0,0,0,1,0
n01580077_1802.JPEG;0,0,0,1,0
n01580077_12258.JPEG;0,0,0,1,0
n01580077_13232.JPEG;0,0,0,1,0
n01580077_2139.JPEG;0,0,0,1,0
n01580077_2947.JPEG;0,0,0,1,0
n01580077_26071.JPEG;0,0,0,1,0
n01580077_5475.JPEG;0,0,0,1,0
n01580077_5391.JPEG;0,0,0,1,0
n01580077_3405.JPEG;0,0,0,1,0
n01580077_2519.JPEG;0,0,0,1,0
n01580077_9036.JPEG;0,0,0,1,0
n01580077_17820.JPEG;0,0,0,1,0
n01580077_9618.JPEG;0,0,0,1,0
n01580077_11695.JPEG;0,0,0,1,0
n01580077_3488.JPEG;0,0,0,1,0
n01580077_32919.JPEG;0,0,0,1,0
n01580077_7680.JPEG;0,0,0,1,0
n01580077_8171.JPEG;0,0,0,1,0
n01580077_16176.JPEG;0,0,0,1,0
n01580077_1057.JPEG;0,0,0,1,0
n01580077_5576.JPEG;0,0,0,1,0
n01580077_7052.JPEG;0,0,0,1,0
n01580077_12793.JPEG;0,0,0,1,0
n01580077_1526.JPEG;0,0,0,1,0
n01580077_1384.JPEG;0,0,0,1,0
n01580077_3297.JPEG;0,0,0,1,0
n01580077_1522.JPEG;0,0,0,1,0
n01580077_12008.JPEG;0,0,0,1,0
n01580077_10271.JPEG;0,0,0,1,0
n01580077_1046.JPEG;0,0,0,1,0
n01580077_3949.JPEG;0,0,0,1,0
n01580077_12979.JPEG;0,0,0,1,0
n01580077_12562.JPEG;0,0,0,1,0
n01580077_2346.JPEG;0,0,0,1,0
n01580077_1427.JPEG;0,0,0,1,0
n01580077_13543.JPEG;0,0,0,1,0
n01580077_4110.JPEG;0,0,0,1,0
n01580077_11100.JPEG;0,0,0,1,0
n01580077_13006.JPEG;0,0,0,1,0
n01580077_11180.JPEG;0,0,0,1,0
n01580077_10875.JPEG;0,0,0,1,0
n01580077_4287.JPEG;0,0,0,1,0
n01580077_32058.JPEG;0,0,0,1,0
n01580077_3189.JPEG;0,0,0,1,0
n01580077_11124.JPEG;0,0,0,1,0
n01580077_10347.JPEG;0,0,0,1,0
n01580077_1490.JPEG;0,0,0,1,0
n01580077_3318.JPEG;0,0,0,1,0
n01580077_4839.JPEG;0,0,0,1,0
n01580077_4147.JPEG;0,0,0,1,0
n01580077_1202.JPEG;0,0,0,1,0
n01580077_3966.JPEG;0,0,0,1,0
n01580077_12717.JPEG;0,0,0,1,0
n01580077_1577.JPEG;0,0,0,1,0
n01580077_1773.JPEG;0,0,0,1,0
n01580077_1533.JPEG;0,0,0,1,0
n01580077_2585.JPEG;0,0,0,1,0
n01580077_2893.JPEG;0,0,0,1,0
n01580077_2411.JPEG;0,0,0,1,0
n01580077_1164.JPEG;0,0,0,1,0
n01580077_9515.JPEG;0,0,0,1,0
n01580077_11419.JPEG;0,0,0,1,0
n01580077_5714.JPEG;0,0,0,1,0
n01580077_13241.JPEG;0,0,0,1,0
n01580077_2933.JPEG;0,0,0,1,0
n01580077_2856.JPEG;0,0,0,1,0
n01580077_3357.JPEG;0,0,0,1,0
n01580077_31414.JPEG;0,0,0,1,0
n01580077_3378.JPEG;0,0,0,1,0
n01580077_1074.JPEG;0,0,0,1,0
n01580077_11193.JPEG;0,0,0,1,0
n01580077_11786.JPEG;0,0,0,1,0
n01580077_4319.JPEG;0,0,0,1,0
n01580077_5373.JPEG;0,0,0,1,0
n01580077_10704.JPEG;0,0,0,1,0
n01580077_10075.JPEG;0,0,0,1,0
n01580077_5414.JPEG;0,0,0,1,0
n01580077_13336.JPEG;0,0,0,1,0
n01580077_1766.JPEG;0,0,0,1,0
n01580077_2121.JPEG;0,0,0,1,0
n01580077_3142.JPEG;0,0,0,1,0
n01580077_5884.JPEG;0,0,0,1,0
n01580077_13314.JPEG;0,0,0,1,0
n01580077_29256.JPEG;0,0,0,1,0
n01580077_1720.JPEG;0,0,0,1,0
n01580077_8177.JPEG;0,0,0,1,0
n01580077_6499.JPEG;0,0,0,1,0
n01580077_1393.JPEG;0,0,0,1,0
n01580077_14327.JPEG;0,0,0,1,0
n01580077_1501.JPEG;0,0,0,1,0
n01580077_4271.JPEG;0,0,0,1,0
n01580077_12017.JPEG;0,0,0,1,0
n01580077_18571.JPEG;0,0,0,1,0
n01580077_1227.JPEG;0,0,0,1,0
n01580077_1439.JPEG;0,0,0,1,0
n01580077_7933.JPEG;0,0,0,1,0
n01580077_6261.JPEG;0,0,0,1,0
n01580077_1511.JPEG;0,0,0,1,0
n01580077_6054.JPEG;0,0,0,1,0
n01580077_6839.JPEG;0,0,0,1,0
n01580077_2939.JPEG;0,0,0,1,0
n01580077_6440.JPEG;0,0,0,1,0
n01580077_11533.JPEG;0,0,0,1,0
n01580077_6674.JPEG;0,0,0,1,0
n01580077_3647.JPEG;0,0,0,1,0
n01580077_2789.JPEG;0,0,0,1,0
n01580077_6611.JPEG;0,0,0,1,0
n01580077_2447.JPEG;0,0,0,1,0
n01580077_4081.JPEG;0,0,0,1,0
n01580077_3760.JPEG;0,0,0,1,0
n01580077_20914.JPEG;0,0,0,1,0
n01580077_1551.JPEG;0,0,0,1,0
n01580077_3551.JPEG;0,0,0,1,0
n01580077_3438.JPEG;0,0,0,1,0
n01580077_3564.JPEG;0,0,0,1,0
n01580077_1078.JPEG;0,0,0,1,0
n01580077_13060.JPEG;0,0,0,1,0
n01580077_3561.JPEG;0,0,0,1,0
n01580077_2984.JPEG;0,0,0,1,0
n01580077_12467.JPEG;0,0,0,1,0
n01580077_4522.JPEG;0,0,0,1,0
n01580077_4433.JPEG;0,0,0,1,0
n01580077_5188.JPEG;0,0,0,1,0
n01580077_6365.JPEG;0,0,0,1,0
n01580077_10587.JPEG;0,0,0,1,0
n01580077_6204.JPEG;0,0,0,1,0
n01580077_5922.JPEG;0,0,0,1,0
n01580077_5676.JPEG;0,0,0,1,0
n01580077_11715.JPEG;0,0,0,1,0
n01580077_3347.JPEG;0,0,0,1,0
n01580077_13708.JPEG;0,0,0,1,0
n01580077_2349.JPEG;0,0,0,1,0
n01580077_3157.JPEG;0,0,0,1,0
n01580077_6539.JPEG;0,0,0,1,0
n01580077_6619.JPEG;0,0,0,1,0
n01580077_10545.JPEG;0,0,0,1,0
n01580077_2138.JPEG;0,0,0,1,0
n01580077_20102.JPEG;0,0,0,1,0
n01580077_9482.JPEG;0,0,0,1,0
n01580077_6005.JPEG;0,0,0,1,0
n01580077_2489.JPEG;0,0,0,1,0
n01580077_3830.JPEG;0,0,0,1,0
n01580077_3935.JPEG;0,0,0,1,0
n01580077_1420.JPEG;0,0,0,1,0
n01580077_13090.JPEG;0,0,0,1,0
n01580077_13334.JPEG;0,0,0,1,0
n01580077_10418.JPEG;0,0,0,1,0
n01580077_11904.JPEG;0,0,0,1,0
n01580077_4023.JPEG;0,0,0,1,0
n01580077_2022.JPEG;0,0,0,1,0
n01580077_2083.JPEG;0,0,0,1,0
n01580077_6802.JPEG;0,0,0,1,0
n01580077_2087.JPEG;0,0,0,1,0
n01580077_13636.JPEG;0,0,0,1,0
n01580077_2931.JPEG;0,0,0,1,0
n01580077_3043.JPEG;0,0,0,1,0
n01580077_9151.JPEG;0,0,0,1,0
n01580077_5392.JPEG;0,0,0,1,0
n01580077_1580.JPEG;0,0,0,1,0
n01580077_6706.JPEG;0,0,0,1,0
n01580077_5177.JPEG;0,0,0,1,0
n01580077_1474.JPEG;0,0,0,1,0
n01580077_1064.JPEG;0,0,0,1,0
n01580077_12946.JPEG;0,0,0,1,0
n01580077_5923.JPEG;0,0,0,1,0
n01580077_13441.JPEG;0,0,0,1,0
n01580077_13106.JPEG;0,0,0,1,0
n01580077_7766.JPEG;0,0,0,1,0
n01580077_5814.JPEG;0,0,0,1,0
n01580077_11632.JPEG;0,0,0,1,0
n01580077_5386.JPEG;0,0,0,1,0
n01580077_10843.JPEG;0,0,0,1,0
n01580077_9368.JPEG;0,0,0,1,0
n01580077_11470.JPEG;0,0,0,1,0
n01580077_2995.JPEG;0,0,0,1,0
n01580077_2213.JPEG;0,0,0,1,0
n01580077_2682.JPEG;0,0,0,1,0
n01580077_9092.JPEG;0,0,0,1,0
n01580077_8733.JPEG;0,0,0,1,0
n01580077_10547.JPEG;0,0,0,1,0
n01580077_13620.JPEG;0,0,0,1,0
n01580077_1761.JPEG;0,0,0,1,0
n01580077_7890.JPEG;0,0,0,1,0
n01580077_13095.JPEG;0,0,0,1,0
n01580077_7345.JPEG;0,0,0,1,0
n01580077_10252.JPEG;0,0,0,1,0
n01580077_5606.JPEG;0,0,0,1,0
n01580077_2228.JPEG;0,0,0,1,0
n01580077_7837.JPEG;0,0,0,1,0
n01580077_1835.JPEG;0,0,0,1,0
n01580077_11622.JPEG;0,0,0,1,0
n01580077_9198.JPEG;0,0,0,1,0
n01580077_8909.JPEG;0,0,0,1,0
n01580077_1628.JPEG;0,0,0,1,0
n01580077_1402.JPEG;0,0,0,1,0
n01580077_1179.JPEG;0,0,0,1,0
n01580077_2095.JPEG;0,0,0,1,0
n01580077_3537.JPEG;0,0,0,1,0
n01580077_13250.JPEG;0,0,0,1,0
n01580077_1605.JPEG;0,0,0,1,0
n01580077_8447.JPEG;0,0,0,1,0
n01580077_3605.JPEG;0,0,0,1,0
n01580077_9043.JPEG;0,0,0,1,0
n01580077_4253.JPEG;0,0,0,1,0
n01580077_6248.JPEG;0,0,0,1,0
n01580077_11020.JPEG;0,0,0,1,0
n01580077_7352.JPEG;0,0,0,1,0
n01580077_21738.JPEG;0,0,0,1,0
n01580077_2152.JPEG;0,0,0,1,0
n01580077_5187.JPEG;0,0,0,1,0
n01580077_2846.JPEG;0,0,0,1,0
n01580077_1788.JPEG;0,0,0,1,0
n01580077_2603.JPEG;0,0,0,1,0
n01580077_3901.JPEG;0,0,0,1,0
n01580077_5010.JPEG;0,0,0,1,0
n01580077_10298.JPEG;0,0,0,1,0
n01580077_11387.JPEG;0,0,0,1,0
n01580077_11081.JPEG;0,0,0,1,0
n01580077_991.JPEG;0,0,0,1,0
n01580077_9959.JPEG;0,0,0,1,0
n01580077_5990.JPEG;0,0,0,1,0
n01580077_1740.JPEG;0,0,0,1,0
n01580077_2432.JPEG;0,0,0,1,0
n01580077_1925.JPEG;0,0,0,1,0
n01580077_5293.JPEG;0,0,0,1,0
n01580077_1472.JPEG;0,0,0,1,0
n01580077_1463.JPEG;0,0,0,1,0
n01580077_8181.JPEG;0,0,0,1,0
n01580077_2351.JPEG;0,0,0,1,0
n01580077_5207.JPEG;0,0,0,1,0
n01580077_7006.JPEG;0,0,0,1,0
n01580077_13722.JPEG;0,0,0,1,0
n01580077_4398.JPEG;0,0,0,1,0
n01580077_2293.JPEG;0,0,0,1,0
n01580077_1383.JPEG;0,0,0,1,0
n01580077_12830.JPEG;0,0,0,1,0
n01580077_1778.JPEG;0,0,0,1,0
n01580077_13080.JPEG;0,0,0,1,0
n01580077_12336.JPEG;0,0,0,1,0
n01580077_12158.JPEG;0,0,0,1,0
n01580077_24936.JPEG;0,0,0,1,0
n01580077_7501.JPEG;0,0,0,1,0
n01580077_25938.JPEG;0,0,0,1,0
n01580077_1503.JPEG;0,0,0,1,0
n01580077_4657.JPEG;0,0,0,1,0
n01580077_3879.JPEG;0,0,0,1,0
n01580077_8008.JPEG;0,0,0,1,0
n01580077_1521.JPEG;0,0,0,1,0
n01580077_11337.JPEG;0,0,0,1,0
n01580077_12409.JPEG;0,0,0,1,0
n01580077_17580.JPEG;0,0,0,1,0
n01580077_4947.JPEG;0,0,0,1,0
n01580077_13295.JPEG;0,0,0,1,0
n01580077_11741.JPEG;0,0,0,1,0
n01580077_1163.JPEG;0,0,0,1,0
n01580077_32359.JPEG;0,0,0,1,0
n01580077_5849.JPEG;0,0,0,1,0
n01580077_1903.JPEG;0,0,0,1,0
n01580077_2691.JPEG;0,0,0,1,0
n01580077_7474.JPEG;0,0,0,1,0
n01580077_18611.JPEG;0,0,0,1,0
n01580077_26821.JPEG;0,0,0,1,0
n01580077_1045.JPEG;0,0,0,1,0
n01580077_7637.JPEG;0,0,0,1,0
n01580077_9889.JPEG;0,0,0,1,0
n01580077_9326.JPEG;0,0,0,1,0
n01580077_6449.JPEG;0,0,0,1,0
n01580077_11751.JPEG;0,0,0,1,0
n01580077_7499.JPEG;0,0,0,1,0
n01580077_5116.JPEG;0,0,0,1,0
n01580077_3473.JPEG;0,0,0,1,0
n01580077_2100.JPEG;0,0,0,1,0
n01580077_18381.JPEG;0,0,0,1,0
n01580077_9569.JPEG;0,0,0,1,0
n01580077_1659.JPEG;0,0,0,1,0
n01580077_9804.JPEG;0,0,0,1,0
n01580077_4393.JPEG;0,0,0,1,0
n01580077_5173.JPEG;0,0,0,1,0
n01580077_4970.JPEG;0,0,0,1,0
n01580077_7293.JPEG;0,0,0,1,0
n01580077_5138.JPEG;0,0,0,1,0
n01580077_1843.JPEG;0,0,0,1,0
n01580077_10290.JPEG;0,0,0,1,0
n01580077_8108.JPEG;0,0,0,1,0
n01580077_13480.JPEG;0,0,0,1,0
n01580077_12719.JPEG;0,0,0,1,0
n01580077_5512.JPEG;0,0,0,1,0
n01580077_1573.JPEG;0,0,0,1,0
n01580077_1667.JPEG;0,0,0,1,0
n01580077_6822.JPEG;0,0,0,1,0
n01580077_5872.JPEG;0,0,0,1,0
n01580077_5472.JPEG;0,0,0,1,0
n01580077_12238.JPEG;0,0,0,1,0
n01580077_13225.JPEG;0,0,0,1,0
n01580077_1025.JPEG;0,0,0,1,0
n01580077_3812.JPEG;0,0,0,1,0
n01580077_10406.JPEG;0,0,0,1,0
n01560419_655.JPEG;0,0,1,0,0
n01560419_9339.JPEG;0,0,1,0,0
n01560419_7355.JPEG;0,0,1,0,0
n01560419_3101.JPEG;0,0,1,0,0
n01560419_7640.JPEG;0,0,1,0,0
n01560419_6003.JPEG;0,0,1,0,0
n01560419_3454.JPEG;0,0,1,0,0
n01560419_7795.JPEG;0,0,1,0,0
n01560419_5902.JPEG;0,0,1,0,0
n01560419_5715.JPEG;0,0,1,0,0
n01560419_2326.JPEG;0,0,1,0,0
n01560419_5803.JPEG;0,0,1,0,0
n01560419_7788.JPEG;0,0,1,0,0
n01560419_4465.JPEG;0,0,1,0,0
n01560419_7775.JPEG;0,0,1,0,0
n01560419_3687.JPEG;0,0,1,0,0
n01560419_4572.JPEG;0,0,1,0,0
n01560419_580.JPEG;0,0,1,0,0
n01560419_7418.JPEG;0,0,1,0,0
n01560419_7502.JPEG;0,0,1,0,0
n01560419_3540.JPEG;0,0,1,0,0
n01560419_6823.JPEG;0,0,1,0,0
n01560419_2657.JPEG;0,0,1,0,0
n01560419_5558.JPEG;0,0,1,0,0
n01560419_4341.JPEG;0,0,1,0,0
n01560419_7338.JPEG;0,0,1,0,0
n01560419_8258.JPEG;0,0,1,0,0
n01560419_1832.JPEG;0,0,1,0,0
n01560419_5960.JPEG;0,0,1,0,0
n01560419_4575.JPEG;0,0,1,0,0
n01560419_9281.JPEG;0,0,1,0,0
n01560419_3674.JPEG;0,0,1,0,0
n01560419_2109.JPEG;0,0,1,0,0
n01560419_3251.JPEG;0,0,1,0,0
n01560419_3386.JPEG;0,0,1,0,0
n01560419_1851.JPEG;0,0,1,0,0
n01560419_2449.JPEG;0,0,1,0,0
n01560419_2832.JPEG;0,0,1,0,0
n01560419_8705.JPEG;0,0,1,0,0
n01560419_6258.JPEG;0,0,1,0,0
n01560419_4809.JPEG;0,0,1,0,0
n01560419_2755.JPEG;0,0,1,0,0
n01560419_5567.JPEG;0,0,1,0,0
n01560419_6245.JPEG;0,0,1,0,0
n01560419_8284.JPEG;0,0,1,0,0
n01560419_6906.JPEG;0,0,1,0,0
n01560419_4369.JPEG;0,0,1,0,0
n01560419_476.JPEG;0,0,1,0,0
n01560419_7750.JPEG;0,0,1,0,0
n01560419_8467.JPEG;0,0,1,0,0
n01560419_7472.JPEG;0,0,1,0,0
n01560419_6002.JPEG;0,0,1,0,0
n01560419_4658.JPEG;0,0,1,0,0
n01560419_2726.JPEG;0,0,1,0,0
n01560419_6226.JPEG;0,0,1,0,0
n01560419_2131.JPEG;0,0,1,0,0
n01560419_5897.JPEG;0,0,1,0,0
n01560419_4485.JPEG;0,0,1,0,0
n01560419_1157.JPEG;0,0,1,0,0
n01560419_6341.JPEG;0,0,1,0,0
n01560419_1728.JPEG;0,0,1,0,0
n01560419_2524.JPEG;0,0,1,0,0
n01560419_5109.JPEG;0,0,1,0,0
n01560419_7425.JPEG;0,0,1,0,0
n01560419_8514.JPEG;0,0,1,0,0
n01560419_700.JPEG;0,0,1,0,0
n01560419_6172.JPEG;0,0,1,0,0
n01560419_2423.JPEG;0,0,1,0,0
n01560419_7617.JPEG;0,0,1,0,0
n01560419_4684.JPEG;0,0,1,0,0
n01560419_3604.JPEG;0,0,1,0,0
n01560419_7520.JPEG;0,0,1,0,0
n01560419_2308.JPEG;0,0,1,0,0
n01560419_1476.JPEG;0,0,1,0,0
n01560419_5451.JPEG;0,0,1,0,0
n01560419_7866.JPEG;0,0,1,0,0
n01560419_5355.JPEG;0,0,1,0,0
n01560419_2284.JPEG;0,0,1,0,0
n01560419_9260.JPEG;0,0,1,0,0
n01560419_8668.JPEG;0,0,1,0,0
n01560419_9250.JPEG;0,0,1,0,0
n01560419_6156.JPEG;0,0,1,0,0
n01560419_2243.JPEG;0,0,1,0,0
n01560419_5579.JPEG;0,0,1,0,0
n01560419_1684.JPEG;0,0,1,0,0
n01560419_3459.JPEG;0,0,1,0,0
n01560419_6865.JPEG;0,0,1,0,0
n01560419_3623.JPEG;0,0,1,0,0
n01560419_5437.JPEG;0,0,1,0,0
n01560419_8850.JPEG;0,0,1,0,0
n01560419_2107.JPEG;0,0,1,0,0
n01560419_7876.JPEG;0,0,1,0,0
n01560419_1639.JPEG;0,0,1,0,0
n01560419_5098.JPEG;0,0,1,0,0
n01560419_9125.JPEG;0,0,1,0,0
n01560419_3096.JPEG;0,0,1,0,0
n01560419_5506.JPEG;0,0,1,0,0
n01560419_7913.JPEG;0,0,1,0,0
n01560419_8565.JPEG;0,0,1,0,0
n01560419_1517.JPEG;0,0,1,0,0
n01560419_8820.JPEG;0,0,1,0,0
n01560419_5908.JPEG;0,0,1,0,0
n01560419_8596.JPEG;0,0,1,0,0
n01560419_9098.JPEG;0,0,1,0,0
n01560419_7024.JPEG;0,0,1,0,0
n01560419_9151.JPEG;0,0,1,0,0
n01560419_7907.JPEG;0,0,1,0,0
n01560419_5210.JPEG;0,0,1,0,0
n01560419_7674.JPEG;0,0,1,0,0
n01560419_771.JPEG;0,0,1,0,0
n01560419_5738.JPEG;0,0,1,0,0
n01560419_9034.JPEG;0,0,1,0,0
n01560419_8014.JPEG;0,0,1,0,0
n01560419_5283.JPEG;0,0,1,0,0
n01560419_2770.JPEG;0,0,1,0,0
n01560419_575.JPEG;0,0,1,0,0
n01560419_6357.JPEG;0,0,1,0,0
n01560419_14757.JPEG;0,0,1,0,0
n01560419_462.JPEG;0,0,1,0,0
n01560419_3203.JPEG;0,0,1,0,0
n01560419_5819.JPEG;0,0,1,0,0
n01560419_6057.JPEG;0,0,1,0,0
n01560419_1411.JPEG;0,0,1,0,0
n01560419_2601.JPEG;0,0,1,0,0
n01560419_2011.JPEG;0,0,1,0,0
n01560419_5806.JPEG;0,0,1,0,0
n01560419_1923.JPEG;0,0,1,0,0
n01560419_18045.JPEG;0,0,1,0,0
n01560419_18742.JPEG;0,0,1,0,0
n01560419_2447.JPEG;0,0,1,0,0
n01560419_3590.JPEG;0,0,1,0,0
n01560419_5636.JPEG;0,0,1,0,0
n01560419_7728.JPEG;0,0,1,0,0
n01560419_6903.JPEG;0,0,1,0,0
n01560419_5585.JPEG;0,0,1,0,0
n01560419_5447.JPEG;0,0,1,0,0
n01560419_18978.JPEG;0,0,1,0,0
n01560419_6161.JPEG;0,0,1,0,0
n01560419_4403.JPEG;0,0,1,0,0
n01560419_8271.JPEG;0,0,1,0,0
n01560419_1990.JPEG;0,0,1,0,0
n01560419_5724.JPEG;0,0,1,0,0
n01560419_7665.JPEG;0,0,1,0,0
n01560419_8948.JPEG;0,0,1,0,0
n01560419_8452.JPEG;0,0,1,0,0
n01560419_10128.JPEG;0,0,1,0,0
n01560419_5706.JPEG;0,0,1,0,0
n01560419_2592.JPEG;0,0,1,0,0
n01560419_8866.JPEG;0,0,1,0,0
n01560419_5948.JPEG;0,0,1,0,0
n01560419_18933.JPEG;0,0,1,0,0
n01560419_4804.JPEG;0,0,1,0,0
n01560419_6697.JPEG;0,0,1,0,0
n01560419_2188.JPEG;0,0,1,0,0
n01560419_4329.JPEG;0,0,1,0,0
n01560419_4736.JPEG;0,0,1,0,0
n01560419_9026.JPEG;0,0,1,0,0
n01560419_2408.JPEG;0,0,1,0,0
n01560419_5127.JPEG;0,0,1,0,0
n01560419_4607.JPEG;0,0,1,0,0
n01560419_6064.JPEG;0,0,1,0,0
n01560419_3899.JPEG;0,0,1,0,0
n01560419_7390.JPEG;0,0,1,0,0
n01560419_8094.JPEG;0,0,1,0,0
n01560419_6263.JPEG;0,0,1,0,0
n01560419_872.JPEG;0,0,1,0,0
n01560419_1647.JPEG;0,0,1,0,0
n01560419_2761.JPEG;0,0,1,0,0
n01560419_2777.JPEG;0,0,1,0,0
n01560419_5674.JPEG;0,0,1,0,0
n01560419_5640.JPEG;0,0,1,0,0
n01560419_8743.JPEG;0,0,1,0,0
n01560419_3185.JPEG;0,0,1,0,0
n01560419_2745.JPEG;0,0,1,0,0
n01560419_5144.JPEG;0,0,1,0,0
n01560419_5825.JPEG;0,0,1,0,0
n01560419_5148.JPEG;0,0,1,0,0
n01560419_5712.JPEG;0,0,1,0,0
n01560419_4073.JPEG;0,0,1,0,0
n01560419_3420.JPEG;0,0,1,0,0
n01560419_5374.JPEG;0,0,1,0,0
n01560419_7409.JPEG;0,0,1,0,0
n01560419_5185.JPEG;0,0,1,0,0
n01560419_7386.JPEG;0,0,1,0,0
n01560419_701.JPEG;0,0,1,0,0
n01560419_6228.JPEG;0,0,1,0,0
n01560419_6308.JPEG;0,0,1,0,0
n01560419_5623.JPEG;0,0,1,0,0
n01560419_3274.JPEG;0,0,1,0,0
n01560419_12583.JPEG;0,0,1,0,0
n01560419_7420.JPEG;0,0,1,0,0
n01560419_14459.JPEG;0,0,1,0,0
n01560419_3515.JPEG;0,0,1,0,0
n01560419_2629.JPEG;0,0,1,0,0
n01560419_1259.JPEG;0,0,1,0,0
n01560419_8405.JPEG;0,0,1,0,0
n01560419_8624.JPEG;0,0,1,0,0
n01560419_2245.JPEG;0,0,1,0,0
n01560419_2856.JPEG;0,0,1,0,0
n01560419_4430.JPEG;0,0,1,0,0
n01560419_1919.JPEG;0,0,1,0,0
n01560419_1364.JPEG;0,0,1,0,0
n01560419_5977.JPEG;0,0,1,0,0
n01560419_2240.JPEG;0,0,1,0,0
n01560419_474.JPEG;0,0,1,0,0
n01560419_6019.JPEG;0,0,1,0,0
n01560419_3193.JPEG;0,0,1,0,0
n01560419_6115.JPEG;0,0,1,0,0
n01560419_8794.JPEG;0,0,1,0,0
n01560419_8313.JPEG;0,0,1,0,0
n01560419_5559.JPEG;0,0,1,0,0
n01560419_8695.JPEG;0,0,1,0,0
n01560419_3570.JPEG;0,0,1,0,0
n01560419_4700.JPEG;0,0,1,0,0
n01560419_6431.JPEG;0,0,1,0,0
n01560419_2314.JPEG;0,0,1,0,0
n01560419_2494.JPEG;0,0,1,0,0
n01560419_7684.JPEG;0,0,1,0,0
n01560419_8751.JPEG;0,0,1,0,0
n01560419_9086.JPEG;0,0,1,0,0
n01560419_5279.JPEG;0,0,1,0,0
n01560419_5670.JPEG;0,0,1,0,0
n01560419_2105.JPEG;0,0,1,0,0
n01560419_8272.JPEG;0,0,1,0,0
n01560419_2276.JPEG;0,0,1,0,0
n01560419_2519.JPEG;0,0,1,0,0
n01560419_2534.JPEG;0,0,1,0,0
n01560419_974.JPEG;0,0,1,0,0
n01560419_11922.JPEG;0,0,1,0,0
n01560419_463.JPEG;0,0,1,0,0
n01560419_7569.JPEG;0,0,1,0,0
n01560419_3598.JPEG;0,0,1,0,0
n01560419_6533.JPEG;0,0,1,0,0
n01560419_1175.JPEG;0,0,1,0,0
n01560419_3429.JPEG;0,0,1,0,0
n01560419_564.JPEG;0,0,1,0,0
n01560419_5561.JPEG;0,0,1,0,0
n01560419_5472.JPEG;0,0,1,0,0
n01560419_420.JPEG;0,0,1,0,0
n01560419_4360.JPEG;0,0,1,0,0
n01560419_920.JPEG;0,0,1,0,0
n01560419_9108.JPEG;0,0,1,0,0
n01560419_3014.JPEG;0,0,1,0,0
n01560419_20252.JPEG;0,0,1,0,0
n01560419_3630.JPEG;0,0,1,0,0
n01560419_486.JPEG;0,0,1,0,0
n01560419_7636.JPEG;0,0,1,0,0
n01560419_3399.JPEG;0,0,1,0,0
n01560419_6812.JPEG;0,0,1,0,0
n01560419_3163.JPEG;0,0,1,0,0
n01560419_5723.JPEG;0,0,1,0,0
n01560419_21096.JPEG;0,0,1,0,0
n01560419_7968.JPEG;0,0,1,0,0
n01560419_9036.JPEG;0,0,1,0,0
n01560419_7040.JPEG;0,0,1,0,0
n01560419_1964.JPEG;0,0,1,0,0
n01560419_2825.JPEG;0,0,1,0,0
n01560419_1206.JPEG;0,0,1,0,0
n01560419_2747.JPEG;0,0,1,0,0
n01560419_4591.JPEG;0,0,1,0,0
n01560419_5610.JPEG;0,0,1,0,0
n01560419_6637.JPEG;0,0,1,0,0
n01560419_8951.JPEG;0,0,1,0,0
n01560419_8815.JPEG;0,0,1,0,0
n01560419_1872.JPEG;0,0,1,0,0
n01560419_6708.JPEG;0,0,1,0,0
n01560419_2689.JPEG;0,0,1,0,0
n01560419_522.JPEG;0,0,1,0,0
n01560419_863.JPEG;0,0,1,0,0
n01560419_6181.JPEG;0,0,1,0,0
n01560419_7633.JPEG;0,0,1,0,0
n01560419_3639.JPEG;0,0,1,0,0
n01560419_4386.JPEG;0,0,1,0,0
n01560419_1097.JPEG;0,0,1,0,0
n01560419_2009.JPEG;0,0,1,0,0
n01560419_2112.JPEG;0,0,1,0,0
n01560419_8890.JPEG;0,0,1,0,0
n01560419_6379.JPEG;0,0,1,0,0
n01560419_5243.JPEG;0,0,1,0,0
n01560419_8247.JPEG;0,0,1,0,0
n01560419_5673.JPEG;0,0,1,0,0
n01560419_5616.JPEG;0,0,1,0,0
n01560419_8549.JPEG;0,0,1,0,0
n01560419_731.JPEG;0,0,1,0,0
n01560419_5827.JPEG;0,0,1,0,0
n01560419_1659.JPEG;0,0,1,0,0
n01560419_6036.JPEG;0,0,1,0,0
n01560419_889.JPEG;0,0,1,0,0
n01560419_2879.JPEG;0,0,1,0,0
n01560419_9169.JPEG;0,0,1,0,0
n01560419_5285.JPEG;0,0,1,0,0
n01560419_4653.JPEG;0,0,1,0,0
n01560419_3095.JPEG;0,0,1,0,0
n01560419_7010.JPEG;0,0,1,0,0
n01560419_3649.JPEG;0,0,1,0,0
n01560419_3857.JPEG;0,0,1,0,0
n01560419_5001.JPEG;0,0,1,0,0
n01560419_439.JPEG;0,0,1,0,0
n01560419_2139.JPEG;0,0,1,0,0
n01560419_2208.JPEG;0,0,1,0,0
n01560419_4474.JPEG;0,0,1,0,0
n01560419_5158.JPEG;0,0,1,0,0
n01560419_3130.JPEG;0,0,1,0,0
n01560419_6734.JPEG;0,0,1,0,0
n01560419_2721.JPEG;0,0,1,0,0
n01560419_6737.JPEG;0,0,1,0,0
n01560419_3998.JPEG;0,0,1,0,0
n01560419_6174.JPEG;0,0,1,0,0
n01560419_4345.JPEG;0,0,1,0,0
n01560419_7668.JPEG;0,0,1,0,0
n01560419_5910.JPEG;0,0,1,0,0
n01560419_9161.JPEG;0,0,1,0,0
n01560419_796.JPEG;0,0,1,0,0
n01560419_7645.JPEG;0,0,1,0,0
n01560419_1071.JPEG;0,0,1,0,0
n01560419_1911.JPEG;0,0,1,0,0
n01560419_8611.JPEG;0,0,1,0,0
n01560419_1121.JPEG;0,0,1,0,0
n01560419_1766.JPEG;0,0,1,0,0
n01560419_9025.JPEG;0,0,1,0,0
n01560419_6090.JPEG;0,0,1,0,0
n01560419_3954.JPEG;0,0,1,0,0
n01560419_4504.JPEG;0,0,1,0,0
n01560419_6001.JPEG;0,0,1,0,0
n01560419_5693.JPEG;0,0,1,0,0
n01560419_1928.JPEG;0,0,1,0,0
n01560419_3443.JPEG;0,0,1,0,0
n01560419_9302.JPEG;0,0,1,0,0
n01560419_3034.JPEG;0,0,1,0,0
n01560419_2113.JPEG;0,0,1,0,0
n01560419_6797.JPEG;0,0,1,0,0
n01560419_2808.JPEG;0,0,1,0,0
n01560419_2907.JPEG;0,0,1,0,0
n01560419_3976.JPEG;0,0,1,0,0
n01560419_9317.JPEG;0,0,1,0,0
n01560419_2589.JPEG;0,0,1,0,0
n01560419_9110.JPEG;0,0,1,0,0
n01560419_6109.JPEG;0,0,1,0,0
n01560419_2645.JPEG;0,0,1,0,0
n01560419_6722.JPEG;0,0,1,0,0
n01560419_6779.JPEG;0,0,1,0,0
n01560419_7688.JPEG;0,0,1,0,0
n01560419_3606.JPEG;0,0,1,0,0
n01560419_2414.JPEG;0,0,1,0,0
n01560419_3058.JPEG;0,0,1,0,0
n01560419_6885.JPEG;0,0,1,0,0
n01560419_7481.JPEG;0,0,1,0,0
n01560419_6925.JPEG;0,0,1,0,0
n01560419_7590.JPEG;0,0,1,0,0
n01560419_816.JPEG;0,0,1,0,0
n01560419_3631.JPEG;0,0,1,0,0
n01560419_7764.JPEG;0,0,1,0,0
n01560419_2529.JPEG;0,0,1,0,0
n01560419_3129.JPEG;0,0,1,0,0
n01560419_9328.JPEG;0,0,1,0,0
n01560419_8198.JPEG;0,0,1,0,0
n01560419_8613.JPEG;0,0,1,0,0
n01560419_7552.JPEG;0,0,1,0,0
n01560419_537.JPEG;0,0,1,0,0
n01560419_1494.JPEG;0,0,1,0,0
n01560419_8308.JPEG;0,0,1,0,0
n01560419_5139.JPEG;0,0,1,0,0
n01560419_4750.JPEG;0,0,1,0,0
n01560419_17547.JPEG;0,0,1,0,0
n01560419_7997.JPEG;0,0,1,0,0
n01560419_6220.JPEG;0,0,1,0,0
n01560419_507.JPEG;0,0,1,0,0
n01560419_3614.JPEG;0,0,1,0,0
n01560419_3116.JPEG;0,0,1,0,0
n01560419_4883.JPEG;0,0,1,0,0
n01560419_2815.JPEG;0,0,1,0,0
n01560419_9306.JPEG;0,0,1,0,0
n01560419_3018.JPEG;0,0,1,0,0
n01560419_8499.JPEG;0,0,1,0,0
n01560419_8627.JPEG;0,0,1,0,0
n01560419_3303.JPEG;0,0,1,0,0
n01560419_1499.JPEG;0,0,1,0,0
n01560419_3801.JPEG;0,0,1,0,0
n01560419_2648.JPEG;0,0,1,0,0
n01560419_9219.JPEG;0,0,1,0,0
n01560419_7641.JPEG;0,0,1,0,0
n01560419_6369.JPEG;0,0,1,0,0
n01560419_6583.JPEG;0,0,1,0,0
n01560419_494.JPEG;0,0,1,0,0
n01560419_6092.JPEG;0,0,1,0,0
n01560419_2738.JPEG;0,0,1,0,0
n01560419_6203.JPEG;0,0,1,0,0
n01560419_9123.JPEG;0,0,1,0,0
n01560419_5835.JPEG;0,0,1,0,0
n01560419_9324.JPEG;0,0,1,0,0
n01560419_5790.JPEG;0,0,1,0,0
n01560419_7685.JPEG;0,0,1,0,0
n01560419_2193.JPEG;0,0,1,0,0
n01560419_2263.JPEG;0,0,1,0,0
n01560419_4330.JPEG;0,0,1,0,0
n01560419_8183.JPEG;0,0,1,0,0
n01560419_2883.JPEG;0,0,1,0,0
n01560419_5749.JPEG;0,0,1,0,0
n01560419_7559.JPEG;0,0,1,0,0
n01560419_2261.JPEG;0,0,1,0,0
n01560419_1312.JPEG;0,0,1,0,0
n01560419_511.JPEG;0,0,1,0,0
n01560419_2267.JPEG;0,0,1,0,0
n01560419_3806.JPEG;0,0,1,0,0
n01560419_9106.JPEG;0,0,1,0,0
n01560419_6482.JPEG;0,0,1,0,0
n01560419_1110.JPEG;0,0,1,0,0
n01560419_8523.JPEG;0,0,1,0,0
n01560419_2656.JPEG;0,0,1,0,0
n01560419_2857.JPEG;0,0,1,0,0
n01560419_8945.JPEG;0,0,1,0,0
n01560419_3325.JPEG;0,0,1,0,0
n01560419_6574.JPEG;0,0,1,0,0
n01560419_2794.JPEG;0,0,1,0,0
n01560419_8632.JPEG;0,0,1,0,0
n01560419_2553.JPEG;0,0,1,0,0
n01560419_8990.JPEG;0,0,1,0,0
n01560419_1599.JPEG;0,0,1,0,0
n01560419_9278.JPEG;0,0,1,0,0
n01560419_5927.JPEG;0,0,1,0,0
n01560419_3480.JPEG;0,0,1,0,0
n01560419_8964.JPEG;0,0,1,0,0
n01560419_7567.JPEG;0,0,1,0,0
n01560419_1868.JPEG;0,0,1,0,0
n01560419_2206.JPEG;0,0,1,0,0
n01560419_12598.JPEG;0,0,1,0,0
n01560419_3949.JPEG;0,0,1,0,0
n01560419_510.JPEG;0,0,1,0,0
n01560419_3561.JPEG;0,0,1,0,0
n01560419_2486.JPEG;0,0,1,0,0
n01560419_8934.JPEG;0,0,1,0,0
n01560419_2160.JPEG;0,0,1,0,0
n01560419_6129.JPEG;0,0,1,0,0
n01560419_14927.JPEG;0,0,1,0,0
n01560419_414.JPEG;0,0,1,0,0
n01560419_15348.JPEG;0,0,1,0,0
n01560419_5403.JPEG;0,0,1,0,0
n01560419_7851.JPEG;0,0,1,0,0
n01560419_6668.JPEG;0,0,1,0,0
n01560419_8546.JPEG;0,0,1,0,0
n01560419_9068.JPEG;0,0,1,0,0
n01560419_6598.JPEG;0,0,1,0,0
n01560419_7746.JPEG;0,0,1,0,0
n01560419_6150.JPEG;0,0,1,0,0
n01560419_1282.JPEG;0,0,1,0,0
n01560419_5466.JPEG;0,0,1,0,0
n01560419_1823.JPEG;0,0,1,0,0
n01560419_8335.JPEG;0,0,1,0,0
n01560419_3544.JPEG;0,0,1,0,0
n01560419_3532.JPEG;0,0,1,0,0
n01560419_2781.JPEG;0,0,1,0,0
n01560419_5005.JPEG;0,0,1,0,0
n01560419_12058.JPEG;0,0,1,0,0
n01560419_5298.JPEG;0,0,1,0,0
n01560419_3099.JPEG;0,0,1,0,0
n01560419_2531.JPEG;0,0,1,0,0
n01560419_3020.JPEG;0,0,1,0,0
n01560419_3160.JPEG;0,0,1,0,0
n01560419_3722.JPEG;0,0,1,0,0
n01560419_16446.JPEG;0,0,1,0,0
n01560419_5768.JPEG;0,0,1,0,0
n01560419_8916.JPEG;0,0,1,0,0
n01560419_9242.JPEG;0,0,1,0,0
n01560419_1673.JPEG;0,0,1,0,0
n01560419_4429.JPEG;0,0,1,0,0
n01560419_7207.JPEG;0,0,1,0,0
n01560419_8278.JPEG;0,0,1,0,0
n01560419_6965.JPEG;0,0,1,0,0
n01560419_1341.JPEG;0,0,1,0,0
n01560419_3578.JPEG;0,0,1,0,0
n01560419_2091.JPEG;0,0,1,0,0
n01560419_5759.JPEG;0,0,1,0,0
n01560419_3656.JPEG;0,0,1,0,0
n01560419_4846.JPEG;0,0,1,0,0
n01560419_1917.JPEG;0,0,1,0,0
n01560419_3622.JPEG;0,0,1,0,0
n01560419_5557.JPEG;0,0,1,0,0
n01560419_6875.JPEG;0,0,1,0,0
n01560419_776.JPEG;0,0,1,0,0
n01558993_7687.JPEG;0,1,0,0,0
n01558993_9015.JPEG;0,1,0,0,0
n01558993_2788.JPEG;0,1,0,0,0
n01558993_9271.JPEG;0,1,0,0,0
n01558993_3748.JPEG;0,1,0,0,0
n01558993_7630.JPEG;0,1,0,0,0
n01558993_4041.JPEG;0,1,0,0,0
n01558993_2568.JPEG;0,1,0,0,0
n01558993_16531.JPEG;0,1,0,0,0
n01558993_1712.JPEG;0,1,0,0,0
n01558993_18535.JPEG;0,1,0,0,0
n01558993_6833.JPEG;0,1,0,0,0
n01558993_5580.JPEG;0,1,0,0,0
n01558993_9341.JPEG;0,1,0,0,0
n01558993_7076.JPEG;0,1,0,0,0
n01558993_11517.JPEG;0,1,0,0,0
n01558993_2773.JPEG;0,1,0,0,0
n01558993_17000.JPEG;0,1,0,0,0
n01558993_10530.JPEG;0,1,0,0,0
n01558993_3623.JPEG;0,1,0,0,0
n01558993_8387.JPEG;0,1,0,0,0
n01558993_13382.JPEG;0,1,0,0,0
n01558993_2048.JPEG;0,1,0,0,0
n01558993_9763.JPEG;0,1,0,0,0
n01558993_3966.JPEG;0,1,0,0,0
n01558993_7496.JPEG;0,1,0,0,0
n01558993_14088.JPEG;0,1,0,0,0
n01558993_18877.JPEG;0,1,0,0,0
n01558993_3792.JPEG;0,1,0,0,0
n01558993_1493.JPEG;0,1,0,0,0
n01558993_3706.JPEG;0,1,0,0,0
n01558993_19451.JPEG;0,1,0,0,0
n01558993_5630.JPEG;0,1,0,0,0
n01558993_3428.JPEG;0,1,0,0,0
n01558993_5662.JPEG;0,1,0,0,0
n01558993_11108.JPEG;0,1,0,0,0
n01558993_2091.JPEG;0,1,0,0,0
n01558993_2040.JPEG;0,1,0,0,0
n01558993_18884.JPEG;0,1,0,0,0
n01558993_11589.JPEG;0,1,0,0,0
n01558993_3306.JPEG;0,1,0,0,0
n01558993_13731.JPEG;0,1,0,0,0
n01558993_11757.JPEG;0,1,0,0,0
n01558993_12151.JPEG;0,1,0,0,0
n01558993_14648.JPEG;0,1,0,0,0
n01558993_3229.JPEG;0,1,0,0,0
n01558993_3271.JPEG;0,1,0,0,0
n01558993_1678.JPEG;0,1,0,0,0
n01558993_3367.JPEG;0,1,0,0,0
n01558993_2095.JPEG;0,1,0,0,0
n01558993_4761.JPEG;0,1,0,0,0
n01558993_5049.JPEG;0,1,0,0,0
n01558993_1445.JPEG;0,1,0,0,0
n01558993_17264.JPEG;0,1,0,0,0
n01558993_3629.JPEG;0,1,0,0,0
n01558993_7503.JPEG;0,1,0,0,0
n01558993_3407.JPEG;0,1,0,0,0
n01558993_1983.JPEG;0,1,0,0,0
n01558993_1653.JPEG;0,1,0,0,0
n01558993_41088.JPEG;0,1,0,0,0
n01558993_15905.JPEG;0,1,0,0,0
n01558993_11349.JPEG;0,1,0,0,0
n01558993_19149.JPEG;0,1,0,0,0
n01558993_13507.JPEG;0,1,0,0,0
n01558993_7366.JPEG;0,1,0,0,0
n01558993_4307.JPEG;0,1,0,0,0
n01558993_3238.JPEG;0,1,0,0,0
n01558993_2024.JPEG;0,1,0,0,0
n01558993_11089.JPEG;0,1,0,0,0
n01558993_2513.JPEG;0,1,0,0,0
n01558993_4443.JPEG;0,1,0,0,0
n01558993_1487.JPEG;0,1,0,0,0
n01558993_1972.JPEG;0,1,0,0,0
n01558993_2169.JPEG;0,1,0,0,0
n01558993_7202.JPEG;0,1,0,0,0
n01558993_3730.JPEG;0,1,0,0,0
n01558993_3847.JPEG;0,1,0,0,0
n01558993_32579.JPEG;0,1,0,0,0
n01558993_3398.JPEG;0,1,0,0,0
n01558993_1570.JPEG;0,1,0,0,0
n01558993_2532.JPEG;0,1,0,0,0
n01558993_6907.JPEG;0,1,0,0,0
n01558993_1499.JPEG;0,1,0,0,0
n01558993_5948.JPEG;0,1,0,0,0
n01558993_10851.JPEG;0,1,0,0,0
n01558993_3939.JPEG;0,1,0,0,0
n01558993_3482.JPEG;0,1,0,0,0
n01558993_2052.JPEG;0,1,0,0,0
n01558993_5645.JPEG;0,1,0,0,0
n01558993_6534.JPEG;0,1,0,0,0
n01558993_14609.JPEG;0,1,0,0,0
n01558993_1736.JPEG;0,1,0,0,0
n01558993_14332.JPEG;0,1,0,0,0
n01558993_3512.JPEG;0,1,0,0,0
n01558993_8271.JPEG;0,1,0,0,0
n01558993_2799.JPEG;0,1,0,0,0
n01558993_1934.JPEG;0,1,0,0,0
n01558993_9370.JPEG;0,1,0,0,0
n01558993_10700.JPEG;0,1,0,0,0
n01558993_10933.JPEG;0,1,0,0,0
n01558993_11918.JPEG;0,1,0,0,0
n01558993_6013.JPEG;0,1,0,0,0
n01558993_8733.JPEG;0,1,0,0,0
n01558993_13652.JPEG;0,1,0,0,0
n01558993_4297.JPEG;0,1,0,0,0
n01558993_17182.JPEG;0,1,0,0,0
n01558993_3125.JPEG;0,1,0,0,0
n01558993_4614.JPEG;0,1,0,0,0
n01558993_19447.JPEG;0,1,0,0,0
n01558993_4080.JPEG;0,1,0,0,0
n01558993_6803.JPEG;0,1,0,0,0
n01558993_4970.JPEG;0,1,0,0,0
n01558993_1516.JPEG;0,1,0,0,0
n01558993_5185.JPEG;0,1,0,0,0
n01558993_12504.JPEG;0,1,0,0,0
n01558993_9306.JPEG;0,1,0,0,0
n01558993_2366.JPEG;0,1,0,0,0
n01558993_5943.JPEG;0,1,0,0,0
n01558993_14082.JPEG;0,1,0,0,0
n01558993_5788.JPEG;0,1,0,0,0
n01558993_19491.JPEG;0,1,0,0,0
n01558993_12477.JPEG;0,1,0,0,0
n01558993_3801.JPEG;0,1,0,0,0
n01558993_18740.JPEG;0,1,0,0,0
n01558993_9154.JPEG;0,1,0,0,0
n01558993_2449.JPEG;0,1,0,0,0
n01558993_6220.JPEG;0,1,0,0,0
n01558993_4087.JPEG;0,1,0,0,0
n01558993_3490.JPEG;0,1,0,0,0
n01558993_8475.JPEG;0,1,0,0,0
n01558993_11312.JPEG;0,1,0,0,0
n01558993_2688.JPEG;0,1,0,0,0
n01558993_3007.JPEG;0,1,0,0,0
n01558993_3353.JPEG;0,1,0,0,0
n01558993_14540.JPEG;0,1,0,0,0
n01558993_3914.JPEG;0,1,0,0,0
n01558993_2786.JPEG;0,1,0,0,0
n01558993_8177.JPEG;0,1,0,0,0
n01558993_2203.JPEG;0,1,0,0,0
n01558993_3749.JPEG;0,1,0,0,0
n01558993_3519.JPEG;0,1,0,0,0
n01558993_3204.JPEG;0,1,0,0,0
n01558993_15058.JPEG;0,1,0,0,0
n01558993_34885.JPEG;0,1,0,0,0
n01558993_14526.JPEG;0,1,0,0,0
n01558993_3638.JPEG;0,1,0,0,0
n01558993_2866.JPEG;0,1,0,0,0
n01558993_10351.JPEG;0,1,0,0,0
n01558993_11215.JPEG;0,1,0,0,0
n01558993_4488.JPEG;0,1,0,0,0
n01558993_20937.JPEG;0,1,0,0,0
n01558993_4465.JPEG;0,1,0,0,0
n01558993_3768.JPEG;0,1,0,0,0
n01558993_9196.JPEG;0,1,0,0,0
n01558993_13373.JPEG;0,1,0,0,0
n01558993_9028.JPEG;0,1,0,0,0
n01558993_10525.JPEG;0,1,0,0,0
n01558993_4490.JPEG;0,1,0,0,0
n01558993_4784.JPEG;0,1,0,0,0
n01558993_16352.JPEG;0,1,0,0,0
n01558993_9498.JPEG;0,1,0,0,0
n01558993_2928.JPEG;0,1,0,0,0
n01558993_3833.JPEG;0,1,0,0,0
n01558993_3449.JPEG;0,1,0,0,0
n01558993_3887.JPEG;0,1,0,0,0
n01558993_11666.JPEG;0,1,0,0,0
n01558993_17691.JPEG;0,1,0,0,0
n01558993_2558.JPEG;0,1,0,0,0
n01558993_10823.JPEG;0,1,0,0,0
n01558993_7804.JPEG;0,1,0,0,0
n01558993_6941.JPEG;0,1,0,0,0
n01558993_8275.JPEG;0,1,0,0,0
n01558993_14544.JPEG;0,1,0,0,0
n01558993_1660.JPEG;0,1,0,0,0
n01558993_13686.JPEG;0,1,0,0,0
n01558993_14664.JPEG;0,1,0,0,0
n01558993_5552.JPEG;0,1,0,0,0
n01558993_4054.JPEG;0,1,0,0,0
n01558993_32138.JPEG;0,1,0,0,0
n01558993_3375.JPEG;0,1,0,0,0
n01558993_2498.JPEG;0,1,0,0,0
n01558993_10606.JPEG;0,1,0,0,0
n01558993_11413.JPEG;0,1,0,0,0
n01558993_3944.JPEG;0,1,0,0,0
n01558993_5744.JPEG;0,1,0,0,0
n01558993_9120.JPEG;0,1,0,0,0
n01558993_15546.JPEG;0,1,0,0,0
n01558993_11761.JPEG;0,1,0,0,0
n01558993_4258.JPEG;0,1,0,0,0
n01558993_13064.JPEG;0,1,0,0,0
n01558993_11114.JPEG;0,1,0,0,0
n01558993_8824.JPEG;0,1,0,0,0
n01558993_7084.JPEG;0,1,0,0,0
n01558993_2691.JPEG;0,1,0,0,0
n01558993_14302.JPEG;0,1,0,0,0
n01558993_2336.JPEG;0,1,0,0,0
n01558993_3648.JPEG;0,1,0,0,0
n01558993_7900.JPEG;0,1,0,0,0
n01558993_5472.JPEG;0,1,0,0,0
n01558993_11257.JPEG;0,1,0,0,0
n01558993_11240.JPEG;0,1,0,0,0
n01558993_18329.JPEG;0,1,0,0,0
n01558993_13638.JPEG;0,1,0,0,0
n01558993_16002.JPEG;0,1,0,0,0
n01558993_2408.JPEG;0,1,0,0,0
n01558993_16039.JPEG;0,1,0,0,0
n01558993_4495.JPEG;0,1,0,0,0
n01558993_2385.JPEG;0,1,0,0,0
n01558993_6223.JPEG;0,1,0,0,0
n01558993_9441.JPEG;0,1,0,0,0
n01558993_8693.JPEG;0,1,0,0,0
n01558993_3533.JPEG;0,1,0,0,0
n01558993_2302.JPEG;0,1,0,0,0
n01558993_5286.JPEG;0,1,0,0,0
n01558993_15787.JPEG;0,1,0,0,0
n01558993_19459.JPEG;0,1,0,0,0
n01558993_1563.JPEG;0,1,0,0,0
n01558993_15254.JPEG;0,1,0,0,0
n01558993_4306.JPEG;0,1,0,0,0
n01558993_7367.JPEG;0,1,0,0,0
n01558993_1733.JPEG;0,1,0,0,0
n01558993_7923.JPEG;0,1,0,0,0
n01558993_5100.JPEG;0,1,0,0,0
n01558993_11167.JPEG;0,1,0,0,0
n01558993_16031.JPEG;0,1,0,0,0
n01558993_8273.JPEG;0,1,0,0,0
n01558993_10624.JPEG;0,1,0,0,0
n01558993_4575.JPEG;0,1,0,0,0
n01558993_2988.JPEG;0,1,0,0,0
n01558993_1479.JPEG;0,1,0,0,0
n01558993_3729.JPEG;0,1,0,0,0
n01558993_9645.JPEG;0,1,0,0,0
n01558993_16313.JPEG;0,1,0,0,0
n01558993_5979.JPEG;0,1,0,0,0
n01558993_3240.JPEG;0,1,0,0,0
n01558993_9029.JPEG;0,1,0,0,0
n01558993_5406.JPEG;0,1,0,0,0
n01558993_3592.JPEG;0,1,0,0,0
n01558993_4930.JPEG;0,1,0,0,0
n01558993_5404.JPEG;0,1,0,0,0
n01558993_5551.JPEG;0,1,0,0,0
n01558993_7403.JPEG;0,1,0,0,0
n01558993_19829.JPEG;0,1,0,0,0
n01558993_19132.JPEG;0,1,0,0,0
n01558993_13366.JPEG;0,1,0,0,0
n01558993_10259.JPEG;0,1,0,0,0
n01558993_2090.JPEG;0,1,0,0,0
n01558993_5231.JPEG;0,1,0,0,0
n01558993_2502.JPEG;0,1,0,0,0
n01558993_8226.JPEG;0,1,0,0,0
n01558993_11819.JPEG;0,1,0,0,0
n01558993_8876.JPEG;0,1,0,0,0
n01558993_8904.JPEG;0,1,0,0,0
n01558993_7134.JPEG;0,1,0,0,0
n01558993_1770.JPEG;0,1,0,0,0
n01558993_11326.JPEG;0,1,0,0,0
n01558993_6593.JPEG;0,1,0,0,0
n01558993_11222.JPEG;0,1,0,0,0
n01558993_1930.JPEG;0,1,0,0,0
n01558993_5092.JPEG;0,1,0,0,0
n01558993_9009.JPEG;0,1,0,0,0
n01558993_2520.JPEG;0,1,0,0,0
n01558993_9413.JPEG;0,1,0,0,0
n01558993_2220.JPEG;0,1,0,0,0
n01558993_9891.JPEG;0,1,0,0,0
n01558993_18657.JPEG;0,1,0,0,0
n01558993_2637.JPEG;0,1,0,0,0
n01558993_40946.JPEG;0,1,0,0,0
n01558993_8858.JPEG;0,1,0,0,0
n01558993_2404.JPEG;0,1,0,0,0
n01558993_4502.JPEG;0,1,0,0,0
n01558993_12694.JPEG;0,1,0,0,0
n01558993_11984.JPEG;0,1,0,0,0
n01558993_4243.JPEG;0,1,0,0,0
n01558993_18442.JPEG;0,1,0,0,0
n01558993_10575.JPEG;0,1,0,0,0
n01558993_9967.JPEG;0,1,0,0,0
n01558993_2609.JPEG;0,1,0,0,0
n01558993_5031.JPEG;0,1,0,0,0
n01558993_10268.JPEG;0,1,0,0,0
n01558993_13062.JPEG;0,1,0,0,0
n01558993_4327.JPEG;0,1,0,0,0
n01558993_12613.JPEG;0,1,0,0,0
n01558993_2338.JPEG;0,1,0,0,0
n01558993_17617.JPEG;0,1,0,0,0
n01558993_4310.JPEG;0,1,0,0,0
n01558993_8197.JPEG;0,1,0,0,0
n01558993_4375.JPEG;0,1,0,0,0
n01558993_8512.JPEG;0,1,0,0,0
n01558993_1638.JPEG;0,1,0,0,0
n01558993_6347.JPEG;0,1,0,0,0
n01558993_9241.JPEG;0,1,0,0,0
n01558993_16491.JPEG;0,1,0,0,0
n01558993_1853.JPEG;0,1,0,0,0
n01558993_9347.JPEG;0,1,0,0,0
n01558993_19426.JPEG;0,1,0,0,0
n01558993_9602.JPEG;0,1,0,0,0
n01558993_17393.JPEG;0,1,0,0,0
n01558993_2182.JPEG;0,1,0,0,0
n01558993_6410.JPEG;0,1,0,0,0
n01558993_17341.JPEG;0,1,0,0,0
n01558993_4707.JPEG;0,1,0,0,0
n01558993_3822.JPEG;0,1,0,0,0
n01558993_1465.JPEG;0,1,0,0,0
n01558993_14707.JPEG;0,1,0,0,0
n01558993_4508.JPEG;0,1,0,0,0
n01558993_2373.JPEG;0,1,0,0,0
n01558993_3962.JPEG;0,1,0,0,0
n01558993_3764.JPEG;0,1,0,0,0
n01558993_3506.JPEG;0,1,0,0,0
n01558993_2624.JPEG;0,1,0,0,0
n01558993_10175.JPEG;0,1,0,0,0
n01558993_2316.JPEG;0,1,0,0,0
n01558993_5133.JPEG;0,1,0,0,0
n01558993_19680.JPEG;0,1,0,0,0
n01558993_3942.JPEG;0,1,0,0,0
n01558993_11913.JPEG;0,1,0,0,0
n01558993_28716.JPEG;0,1,0,0,0
n01558993_16414.JPEG;0,1,0,0,0
n01558993_1868.JPEG;0,1,0,0,0
n01558993_4960.JPEG;0,1,0,0,0
n01558993_3076.JPEG;0,1,0,0,0
n01558993_3068.JPEG;0,1,0,0,0
n01558993_13591.JPEG;0,1,0,0,0
n01558993_6724.JPEG;0,1,0,0,0
n01558993_6135.JPEG;0,1,0,0,0
n01558993_13396.JPEG;0,1,0,0,0
n01558993_9137.JPEG;0,1,0,0,0
n01558993_11900.JPEG;0,1,0,0,0
n01558993_2723.JPEG;0,1,0,0,0
n01558993_11939.JPEG;0,1,0,0,0
n01558993_1483.JPEG;0,1,0,0,0
n01558993_6027.JPEG;0,1,0,0,0
n01558993_4117.JPEG;0,1,0,0,0
n01558993_11489.JPEG;0,1,0,0,0
n01558993_1485.JPEG;0,1,0,0,0
n01558993_3220.JPEG;0,1,0,0,0
n01558993_10107.JPEG;0,1,0,0,0
n01558993_19761.JPEG;0,1,0,0,0
n01558993_3668.JPEG;0,1,0,0,0
n01558993_2123.JPEG;0,1,0,0,0
n01558993_3885.JPEG;0,1,0,0,0
n01558993_1549.JPEG;0,1,0,0,0
n01558993_10931.JPEG;0,1,0,0,0
n01558993_35582.JPEG;0,1,0,0,0
n01558993_16443.JPEG;0,1,0,0,0
n01558993_7116.JPEG;0,1,0,0,0
n01558993_2752.JPEG;0,1,0,0,0
n01558993_3663.JPEG;0,1,0,0,0
n01558993_19116.JPEG;0,1,0,0,0
n01558993_4657.JPEG;0,1,0,0,0
n01558993_10574.JPEG;0,1,0,0,0
n01558993_3733.JPEG;0,1,0,0,0
n01558993_7634.JPEG;0,1,0,0,0
n01558993_9561.JPEG;0,1,0,0,0
n01558993_11335.JPEG;0,1,0,0,0
n01558993_2370.JPEG;0,1,0,0,0
n01558993_3632.JPEG;0,1,0,0,0
n01558993_6547.JPEG;0,1,0,0,0
n01558993_6423.JPEG;0,1,0,0,0
n01558993_12562.JPEG;0,1,0,0,0
n01558993_14745.JPEG;0,1,0,0,0
n01558993_1993.JPEG;0,1,0,0,0
n01558993_2760.JPEG;0,1,0,0,0
n01558993_3197.JPEG;0,1,0,0,0
n01558993_3175.JPEG;0,1,0,0,0
n01558993_3523.JPEG;0,1,0,0,0
n01558993_17569.JPEG;0,1,0,0,0
n01558993_19957.JPEG;0,1,0,0,0
n01558993_8430.JPEG;0,1,0,0,0
n01558993_2586.JPEG;0,1,0,0,0
n01558993_2566.JPEG;0,1,0,0,0
n01558993_2484.JPEG;0,1,0,0,0
n01558993_5065.JPEG;0,1,0,0,0
n01558993_8174.JPEG;0,1,0,0,0
n01558993_2306.JPEG;0,1,0,0,0
n01558993_12846.JPEG;0,1,0,0,0
n01558993_4299.JPEG;0,1,0,0,0
n01558993_5754.JPEG;0,1,0,0,0
n01558993_14259.JPEG;0,1,0,0,0
n01558993_4134.JPEG;0,1,0,0,0
n01558993_9701.JPEG;0,1,0,0,0
n01558993_3466.JPEG;0,1,0,0,0
n01558993_4433.JPEG;0,1,0,0,0
n01558993_2078.JPEG;0,1,0,0,0
n01558993_4531.JPEG;0,1,0,0,0
n01558993_18513.JPEG;0,1,0,0,0
n01558993_13805.JPEG;0,1,0,0,0
n01558993_3636.JPEG;0,1,0,0,0
n01558993_3067.JPEG;0,1,0,0,0
n01558993_4013.JPEG;0,1,0,0,0
n01558993_9167.JPEG;0,1,0,0,0
n01558993_12922.JPEG;0,1,0,0,0
n01558993_9871.JPEG;0,1,0,0,0
n01558993_14360.JPEG;0,1,0,0,0
n01558993_3350.JPEG;0,1,0,0,0
n01558993_8903.JPEG;0,1,0,0,0
n01558993_9478.JPEG;0,1,0,0,0
n01558993_2291.JPEG;0,1,0,0,0
n01558993_4479.JPEG;0,1,0,0,0
n01558993_4352.JPEG;0,1,0,0,0
n01558993_10442.JPEG;0,1,0,0,0
n01558993_8499.JPEG;0,1,0,0,0
n01558993_10153.JPEG;0,1,0,0,0
n01558993_10664.JPEG;0,1,0,0,0
n01558993_16602.JPEG;0,1,0,0,0
n01558993_13636.JPEG;0,1,0,0,0
n01558993_4474.JPEG;0,1,0,0,0
n01558993_4114.JPEG;0,1,0,0,0
n01558993_11951.JPEG;0,1,0,0,0
n01558993_19605.JPEG;0,1,0,0,0
n01558993_19718.JPEG;0,1,0,0,0
n01558993_14396.JPEG;0,1,0,0,0
n01558993_9715.JPEG;0,1,0,0,0
n01558993_7147.JPEG;0,1,0,0,0
n01558993_7951.JPEG;0,1,0,0,0
n01558993_3174.JPEG;0,1,0,0,0
n01558993_8894.JPEG;0,1,0,0,0
n01558993_5325.JPEG;0,1,0,0,0
n01558993_10093.JPEG;0,1,0,0,0
n01558993_3674.JPEG;0,1,0,0,0
n01558993_1947.JPEG;0,1,0,0,0
n01558993_11185.JPEG;0,1,0,0,0
n01558993_7302.JPEG;0,1,0,0,0
n01558993_5762.JPEG;0,1,0,0,0
n01558993_15950.JPEG;0,1,0,0,0
n01558993_9536.JPEG;0,1,0,0,0
n01558993_14747.JPEG;0,1,0,0,0
n01558993_3583.JPEG;0,1,0,0,0
n01558993_14271.JPEG;0,1,0,0,0
n01558993_3362.JPEG;0,1,0,0,0
n01558993_17246.JPEG;0,1,0,0,0
n01558993_3758.JPEG;0,1,0,0,0
n01558993_1895.JPEG;0,1,0,0,0
n01558993_7981.JPEG;0,1,0,0,0
n01558993_3824.JPEG;0,1,0,0,0
n01558993_14556.JPEG;0,1,0,0,0
n01558993_3727.JPEG;0,1,0,0,0
n01558993_1454.JPEG;0,1,0,0,0
n01558993_16197.JPEG;0,1,0,0,0
n01558993_5976.JPEG;0,1,0,0,0
n01558993_1501.JPEG;0,1,0,0,0
n01558993_14798.JPEG;0,1,0,0,0
n01558993_4326.JPEG;0,1,0,0,0
n01558993_18151.JPEG;0,1,0,0,0
n01558993_4164.JPEG;0,1,0,0,0
n01558993_1760.JPEG;0,1,0,0,0
n01558993_3334.JPEG;0,1,0,0,0
n01558993_7278.JPEG;0,1,0,0,0
n01558993_14116.JPEG;0,1,0,0,0
n01558993_11847.JPEG;0,1,0,0,0
n01558993_1932.JPEG;0,1,0,0,0
n01558993_19802.JPEG;0,1,0,0,0
n01558993_3373.JPEG;0,1,0,0,0
n01558993_8867.JPEG;0,1,0,0,0
n01558993_19537.JPEG;0,1,0,0,0
n01558993_3724.JPEG;0,1,0,0,0
n01558993_2550.JPEG;0,1,0,0,0
n01558993_7131.JPEG;0,1,0,0,0
n01558993_3860.JPEG;0,1,0,0,0
n01558993_14229.JPEG;0,1,0,0,0
n01558993_18147.JPEG;0,1,0,0,0
n01558993_3851.JPEG;0,1,0,0,0
n01558993_1608.JPEG;0,1,0,0,0
n01558993_11540.JPEG;0,1,0,0,0
n01558993_12238.JPEG;0,1,0,0,0
n01558993_17192.JPEG;0,1,0,0,0
n01558993_4025.JPEG;0,1,0,0,0
n01558993_3757.JPEG;0,1,0,0,0
n01558993_2593.JPEG;0,1,0,0,0
n01558993_19408.JPEG;0,1,0,0,0
n01558993_7872.JPEG;0,1,0,0,0
n01558993_9870.JPEG;0,1,0,0,0
n01558993_6722.JPEG;0,1,0,0,0
n01558993_17784.JPEG;0,1,0,0,0
n01558993_19437.JPEG;0,1,0,0,0
n01558993_10835.JPEG;0,1,0,0,0
n01558993_1815.JPEG;0,1,0,0,0
